15
0.0 10.0
9.0 9.0
-9.0 8.0
-9.0 9.0
-5.0 10.0
5.0 10.0
-3.0 3.0
3.0 3.0
-10.0 0.0
0.0 0.0
10.0 0.0
-3.0 -3.0
3.0 -3.0
-5.0 -10.0
5.0 -10.0
3
0 0
-3.0 -6.0
6.0 12.0
3
0.0 0.0
59.1 59.1
-54.1 -54.1
3
-224 -162.9
12.4 294.4
-13.8 -80.5
4
-71.7 -95.7
-91 -243.3
-246.4 -327
-75.8 -103.6
20
-772.8 708.4
-483.3 833.0
-794.7 -673.4
-203.7 774.6
427.0 -510.4
-64.5 -213.8
-450.2 332.0
-382.7 -197.4
-744.1 663.6
-365.9 260.4
978.9 -667.8
962.0 -711.6
-399.2 -70.4
574.8 -286.0
74.1 -906.6
-326.4 300.6
181.0 891.8
329.7 700.6
-559.6 -403.8
-140.8 422.2
50
-805.1 -158.0
381.4 -272.6
977.7 -723.4
601.7 757.8
795.4 292.6
481.0 -316.4
-236.5 -32.6
614.6 -410.8
-145.2 860.0
812.8 -507.4
861.1 650.4
-960.5 493.0
-792.6 -774.4
599.7 121.2
-804.5 29.0
317.0 727.0
153.1 698.2
378.5 -690.0
399.7 583.4
839.3 227.6
-11.1 435.4
262.7 434.0
-562.4 -929.8
-389.3 478.2
-315.2 20.8
30.4 597.8
234.5 474.6
-682.8 612.0
361.5 -279.6
655.6 178.4
864.1 150.2
-654.0 -889.8
-729.5 790.2
529.3 -334.2
-798.2 -855.4
-631.8 -105.0
-428.7 113.6
-148.8 446.4
-459.2 753.4
-721.1 -911.4
246.8 -464.2
35.1 -435.2
-531.9 372.6
550.9 -627.0
-82.1 -109.6
621.4 342.0
303.3 -893.8
-657.4 -43.4
-580.2 256.4
-847.8 -621.4
100
-435.2 460.4
-32.4 -947.2
348.4 -293.0
-611.2 -178.2
-218.0 -77.8
935.4 -166.2
-678.1 -347.8
-144.5 238.0
-207.5 -595.8
38.3 -930.8
415.8 294.2
-862.3 124.2
-374.4 -356.0
-935.5 103.0
175.0 -677.4
417.8 977.8
-302.3 -567.6
-504.0 -623.0
440.7 -792.0
579.7 -902.4
-112.9 -845.6
-317.7 71.0
841.5 -222.0
299.7 286.4
899.1 -842.0
748.0 45.6
-195.3 583.8
-336.2 535.6
668.6 311.8
-507.3 -99.4
648.4 484.4
138.3 -87.6
-211.3 -925.8
-962.5 499.4
848.0 205.8
-337.3 871.2
-481.4 -654.8
579.5 -882.6
-872.8 -413.4
-70.6 583.6
123.8 861.4
538.2 -706.0
23.0 -449.2
-347.9 55.0
186.3 936.2
-696.4 -659.4
182.1 -5.4
286.6 607.2
-126.3 -445.4
-86.8 833.8
163.6 -421.6
310.5 -445.6
575.7 794.4
-775.2 405.2
-574.2 355.6
-341.6 750.4
-735.9 476.8
255.8 -227.6
-94.6 837.4
-678.3 67.0
174.3 255.6
-693.3 230.0
898.3 85.2
-174.6 539.8
384.3 -919.2
-324.2 762.0
673.6 850.0
641.7 -199.4
-544.4 -365.8
362.8 -921.8
912.6 -95.0
-570.0 -77.4
20.5 -278.8
-309.5 59.6
434.5 208.0
-960.2 -609.8
-919.7 789.2
46.8 -603.4
41.0 677.2
-826.5 763.4
569.0 200.6
274.8 -827.8
243.1 57.4
938.9 -299.8
827.6 974.2
-173.1 -611.4
-366.4 -563.0
-614.0 -416.4
-914.0 -396.2
-738.9 -602.2
-854.5 -671.6
-925.0 -519.6
-826.9 624.4
-961.6 -954.0
-279.2 228.0
-689.0 749.0
-85.1 513.8
-756.6 -571.0
-740.0 -399.6
-440.6 -908.4
250
-712.8 -156.6
917.9 -669.2
-375.8 -139.4
256.1 826.2
-461.4 336.0
956.8 -207.6
366.4 839.0
216.3 47.4
0.0 626.4
556.4 387.0
-748.2 399.2
947.9 470.0
-935.2 326.6
-236.4 534.2
-747.4 181.6
41.9 450.8
-451.4 250.8
-780.8 873.8
-813.8 -683.0
-603.3 -197.8
-134.3 -459.8
274.0 867.0
-453.7 953.4
400.2 -489.0
157.2 -402.0
271.0 -86.2
-478.9 972.0
211.0 833.2
725.7 -720.4
-384.7 -518.0
-870.3 -962.6
301.1 -578.2
86.3 535.2
-654.2 -499.4
567.2 508.4
-263.6 61.8
-517.2 432.6
316.0 -527.8
-312.9 360.0
-388.1 -828.8
-546.1 108.8
-224.4 -472.6
520.4 -753.4
923.1 -348.6
592.7 -825.4
-126.0 997.0
-55.7 -782.4
781.6 -560.0
-499.4 111.6
903.7 754.0
157.2 49.8
-673.6 -148.8
318.3 -764.2
-196.9 -234.4
214.8 -34.6
-16.0 -843.8
-878.0 847.4
-388.0 633.2
-36.5 -119.0
488.8 730.4
766.0 325.6
280.3 -542.2
-15.2 -772.0
-404.7 -67.6
178.4 -798.0
681.5 -716.6
816.5 37.4
327.5 719.6
-370.0 764.0
-549.7 -683.4
-687.0 485.2
-133.1 -306.2
-248.7 9.8
277.8 -279.4
-408.0 -857.4
392.5 324.2
774.1 414.4
-296.4 918.8
-507.1 178.6
-559.1 359.6
-828.7 649.4
183.2 790.0
-602.6 -531.2
711.9 173.4
-923.2 692.0
643.9 868.2
290.1 958.4
-132.9 13.2
793.9 476.2
-146.1 -819.6
-104.3 -898.2
316.0 -278.0
961.0 -95.6
903.3 937.8
-301.3 774.0
710.0 -468.0
821.8 -703.2
665.0 11.8
-381.6 -489.2
475.0 261.0
-725.3 -536.8
-866.2 -424.8
-487.7 -814.8
704.5 557.0
888.4 79.4
796.4 -427.2
-404.9 -200.8
-912.0 -727.2
539.9 -346.8
563.5 601.4
-721.6 832.8
76.5 863.2
682.0 168.8
269.7 84.0
-852.6 624.2
325.9 595.6
174.0 -609.8
-917.3 -226.2
-655.1 247.6
955.4 258.2
170.9 820.0
772.1 44.2
-246.4 354.8
-564.0 -581.0
-190.4 -124.8
512.2 941.4
375.3 -225.4
-796.8 121.0
197.8 217.0
629.0 130.0
77.6 -854.4
-990.9 -281.4
-231.9 -248.0
-530.9 824.4
-592.2 708.0
-627.4 59.6
-900.2 -954.6
-962.8 -607.4
630.9 7.4
-518.3 424.4
632.6 459.2
-522.2 76.2
-983.7 910.0
-179.2 -422.2
613.9 -583.0
556.1 810.2
702.5 -620.0
809.5 -736.8
-849.6 748.2
362.1 -193.8
-174.6 -146.4
50.0 329.6
-135.2 -599.8
198.8 -706.4
-542.3 -904.2
988.0 908.8
-878.8 -208.6
-96.9 317.8
581.2 -798.4
-960.5 869.6
972.9 883.0
-702.9 388.2
-503.2 558.6
684.7 750.0
-97.9 -447.4
264.7 -536.0
576.9 -771.2
896.3 -693.6
966.2 -402.6
555.2 -514.4
743.6 518.0
-238.5 583.6
362.8 -927.0
-73.2 -975.0
550.9 190.6
650.3 694.6
-463.9 -704.4
485.2 943.2
-781.5 646.8
379.3 133.8
812.5 -304.0
-515.3 -619.4
157.2 -685.8
957.7 952.2
-47.4 983.6
-581.6 705.6
766.0 -82.0
721.9 -219.8
-802.7 -679.0
-974.4 -592.4
512.7 253.6
-641.6 -405.2
494.3 289.2
-228.9 701.2
477.9 -776.8
431.9 397.8
961.2 700.4
322.8 890.8
516.7 537.2
-451.3 -51.6
-531.6 -838.6
516.4 -454.8
-771.1 -343.0
-92.2 -540.2
-505.5 399.4
575.7 -421.2
636.5 512.6
668.0 254.0
-457.3 135.8
161.4 907.0
905.3 -612.0
758.8 75.2
-76.4 -282.0
-978.6 671.0
235.3 -590.2
592.9 13.4
904.1 -46.8
-786.2 609.6
-555.3 -634.8
51.1 -958.0
986.3 222.0
-623.6 -841.0
-914.5 -220.0
996.5 -888.6
178.9 -445.2
383.2 -251.6
-563.4 -65.2
465.0 -462.8
-491.4 198.6
-537.9 115.0
-90.2 112.2
-948.4 -262.4
908.7 142.2
556.1 -709.8
576.8 -680.2
321.6 285.8
369.2 -920.4
-852.0 -976.2
176.5 836.2
52.1 722.4
-658.4 -634.4
-738.4 719.8
-695.1 -219.4
482.7 -722.2
-881.6 -349.8
320.5 759.6
-592.1 266.4
438.2 -110.0
309.0 793.6
-889.5 685.4
500
747.8 -403.6
771.0 816.8
752.2 672.4
542.4 -231.8
-625.4 -243.2
-799.5 270.8
813.9 170.0
-837.2 224.6
911.3 -393.2
-201.2 352.0
-633.8 77.0
-3.9 -429.6
-940.6 -318.0
-254.8 635.0
109.5 64.0
492.5 533.4
668.6 658.8
518.2 -478.6
-382.1 -301.4
-608.0 -362.0
-738.3 -843.0
600.8 911.6
754.7 843.6
221.8 748.4
-789.5 -153.8
-176.7 -321.4
842.0 443.4
249.6 -815.8
729.9 973.2
294.2 866.0
971.8 543.6
904.2 957.0
-757.6 -538.8
198.7 592.2
-199.2 -838.6
922.7 -102.4
81.1 -244.8
881.9 -431.8
-194.5 144.2
600.6 -470.8
-452.8 528.0
-324.0 -396.4
-259.4 632.6
-980.6 -195.8
141.8 336.0
809.2 -634.0
827.1 936.2
55.2 -579.2
406.6 -347.8
667.6 -418.0
868.4 406.6
56.7 -745.8
440.2 -524.2
-269.5 634.0
-607.5 260.8
-581.8 -130.0
677.4 598.8
-605.4 939.6
222.7 199.2
861.0 490.2
-338.2 930.6
-152.4 -558.6
-46.9 -310.8
-70.2 150.4
-393.6 -931.0
998.7 -348.4
37.3 227.4
87.8 -990.2
-2.1 888.0
-457.9 337.0
953.4 743.4
972.3 276.4
221.6 247.0
452.7 320.8
-879.9 45.6
648.0 -812.6
-602.2 544.0
-105.8 -538.4
-350.1 -647.2
-54.2 -316.8
-34.3 900.6
270.5 -316.4
97.6 -439.6
920.7 -320.6
378.6 -603.4
709.4 500.8
-345.2 -73.2
-744.0 800.2
-61.5 681.2
768.3 -148.6
854.7 -830.4
217.0 388.8
-542.0 -928.6
-309.0 379.8
463.8 397.0
132.9 738.2
445.1 850.6
937.8 -640.4
993.8 -479.0
-264.2 -263.4
25.3 -557.4
24.4 -149.4
821.4 -687.8
-668.8 -606.0
926.8 -569.2
309.7 -2.2
-455.5 -583.2
177.9 -446.6
357.6 -69.2
342.8 -128.6
49.8 -739.6
495.0 -713.6
190.3 -588.0
-758.2 -756.2
54.2 159.6
-368.6 -755.4
613.7 965.0
714.3 -183.6
-791.9 149.0
-393.0 215.2
41.7 492.4
-111.9 -104.6
-396.6 481.6
-76.8 572.6
781.1 -489.8
-275.0 -876.6
-696.7 943.0
766.4 958.4
71.3 -928.6
986.9 -883.6
-184.7 -814.8
-996.3 -116.4
-938.9 -916.4
531.6 308.2
-463.5 -477.0
102.7 95.0
276.4 -561.8
-467.8 190.6
715.3 -559.4
717.5 -743.2
-172.4 -462.0
-858.5 -504.4
721.4 741.0
985.0 -558.4
-328.8 -582.6
282.5 826.6
-633.6 741.8
-280.4 648.0
-107.3 -905.8
-382.2 -691.4
442.2 -532.8
461.6 -830.6
-458.4 -371.2
-608.4 -18.8
-128.0 -642.6
-120.3 -793.6
844.5 510.8
-822.9 -124.4
-697.3 -943.6
775.1 499.0
-6.6 528.6
-657.0 450.4
594.9 -435.6
-702.8 -284.6
401.8 -659.4
877.0 138.8
860.2 825.0
-926.9 937.6
462.0 -257.6
-902.9 -435.2
506.6 808.8
-825.9 -93.0
501.2 133.4
948.5 -900.6
31.8 -504.6
771.3 -604.6
53.9 407.4
208.6 -480.2
656.1 -552.2
-378.0 142.2
-60.2 -424.2
-968.5 461.2
631.6 43.0
-579.5 -250.6
-151.4 -939.4
480.6 472.6
-525.0 -29.6
860.7 676.8
767.2 -601.2
973.6 -202.8
-460.6 -118.8
-396.3 -600.6
-485.1 -236.8
128.3 831.8
706.5 -776.6
808.1 -831.8
-260.9 -984.8
565.7 -744.2
0.6 453.8
-387.5 754.8
-297.9 -443.2
-961.1 678.8
-138.9 -355.6
-377.0 133.0
848.1 -467.2
540.0 873.0
355.5 941.4
907.2 -751.6
-605.9 457.8
-714.5 -79.4
340.9 722.6
-323.0 324.2
783.9 -888.4
-222.6 -585.6
-778.8 719.4
586.0 -464.2
-807.8 -60.0
-391.9 372.8
618.0 202.8
477.7 460.0
52.4 -843.6
827.8 -15.2
921.2 493.8
979.1 -769.4
868.4 -87.4
529.3 939.2
-191.9 956.0
321.5 709.6
-973.0 -927.0
-332.9 -597.8
287.1 -305.4
-670.3 408.2
512.9 -900.2
982.2 914.2
267.9 -312.0
-656.5 -758.8
45.0 495.2
533.9 466.8
-976.6 560.0
-293.7 -16.0
-592.5 920.2
-856.5 -934.6
-440.3 672.2
-485.8 -243.2
-584.7 15.2
76.8 -61.0
264.2 -410.2
-225.3 485.2
188.7 -605.6
-849.5 -206.8
433.5 411.2
-325.9 864.6
758.3 794.8
-785.5 680.0
953.4 647.6
-111.1 -654.0
-217.5 757.4
672.8 237.4
-443.4 20.2
512.6 385.2
-21.5 -357.2
449.2 309.8
-216.1 -421.2
-293.0 -265.2
-494.0 705.6
688.2 -823.2
-356.2 -374.2
121.8 -327.6
-865.9 -981.4
-329.1 678.2
-689.3 556.0
229.5 793.8
837.1 -460.8
284.6 105.8
20.9 890.2
941.5 -561.4
6.3 193.8
962.7 985.4
694.8 -789.4
-347.3 194.6
-163.4 760.8
260.7 683.4
-556.7 -212.2
618.1 539.8
-43.4 354.8
-217.1 -481.0
-650.5 -854.2
279.0 383.8
806.3 -658.4
-423.8 -625.6
879.2 -914.2
-231.0 -692.8
-776.6 -938.0
932.5 -985.8
-182.1 901.0
-294.7 945.8
441.9 7.8
194.5 -859.0
940.0 -309.6
-955.3 -901.6
884.0 573.2
-727.5 -679.0
-371.5 -116.6
330.4 388.4
917.6 -726.2
137.4 -257.6
-441.1 307.2
-933.3 -498.0
-503.2 344.8
409.5 690.6
968.3 557.0
519.4 444.0
-882.5 512.2
299.5 -935.0
804.6 893.2
965.5 -780.2
-566.3 456.4
-139.7 -836.2
840.6 -675.6
138.8 -860.4
-468.0 -963.2
-210.5 429.6
-327.0 972.6
308.1 -195.8
-594.5 52.0
53.7 307.6
943.2 234.0
726.4 416.0
931.3 354.0
202.2 898.0
888.1 582.2
495.1 552.8
741.6 679.8
-468.4 -429.2
-877.9 642.4
359.6 170.4
398.6 77.8
-813.4 -290.4
-270.3 -645.8
-396.6 51.6
27.4 -27.6
928.6 -894.6
-960.5 615.6
-247.4 264.2
-550.0 -453.4
-355.7 610.4
-460.4 -306.6
-294.4 -451.4
-478.7 -660.8
-334.4 894.6
-233.2 -243.0
94.6 774.8
-813.5 159.4
-366.2 962.4
261.5 893.2
679.6 -206.0
-567.1 -753.2
-986.8 -895.8
-146.5 -705.4
374.6 103.4
891.0 695.8
102.5 -818.4
358.1 979.6
-455.4 655.8
-225.1 430.6
-961.9 712.6
-939.2 -347.8
11.2 24.4
330.5 -196.4
354.6 460.2
-48.5 -172.0
17.7 110.0
-386.7 698.4
309.5 256.8
-563.0 632.0
946.1 -579.0
-723.3 -630.6
-936.2 802.6
-267.4 -551.0
159.5 -729.2
135.4 -6.2
560.4 -516.8
855.2 -757.0
-870.7 55.6
304.1 969.2
106.4 -497.8
685.9 -69.2
-309.6 12.4
-889.5 995.8
-627.6 -322.8
-405.2 -733.0
517.7 -855.0
71.5 352.0
168.4 -942.6
-392.7 748.6
-560.6 -315.6
36.3 56.4
818.1 202.8
341.5 -318.2
377.2 671.4
714.9 917.2
957.3 -678.2
-252.2 -470.6
-116.3 -165.8
532.7 631.4
-201.9 208.4
-650.0 -986.8
-175.9 631.4
-490.5 743.6
35.3 366.6
941.6 343.0
-694.0 904.2
608.4 833.0
-648.5 60.8
-912.1 -387.2
-469.1 320.2
184.8 -303.0
282.9 366.4
-741.7 900.8
176.8 -190.2
-164.8 -4.6
22.7 -722.4
109.7 -709.6
-279.4 -566.8
-406.5 -629.2
740.9 466.0
-194.1 -941.4
579.1 -720.6
-105.2 -414.8
-922.2 555.6
540.6 -539.6
-319.2 824.6
898.8 -909.4
-171.5 -208.2
795.1 153.8
-49.1 -781.6
-643.6 -215.2
-672.9 -799.8
-131.9 -536.8
-451.1 -658.4
-22.6 -556.6
-941.1 917.0
-44.2 300.6
693.0 -671.0
-202.9 -742.4
882.9 88.0
650.8 -689.6
55.6 -519.8
499.8 -675.6
-662.8 60.8
178.8 -750.0
-242.6 -494.2
-160.8 -816.2
70.3 695.4
148.6 783.6
-116.7 -205.0
-251.7 655.4
-882.2 148.6
-779.4 -667.2
-432.6 -837.0
9.2 -519.0
89.5 18.6
-441.9 -684.4
-701.1 -63.2
371.3 -206.6
-86.5 70.6
-125.9 29.8
779.2 917.6
369.8 846.2
-317.7 -86.6
-32.1 462.8
-494.8 -245.6
170.9 553.0
462.4 -102.6
470.8 15.8
213.6 192.4
25.4 -712.8
11.8 624.2
794.9 -609.6
-725.7 907.6
997.7 -935.0
136.4 -860.0
452.6 -666.6
119.2 -9.8
607.4 251.8
148.0 845.4
607.6 -261.0
-74.7 638.4
863.5 -510.2
451.6 863.6
109.5 -714.0
-601.7 346.8
-735.8 647.0
114.9 898.6
-951.3 451.8
337.6 -715.0
-130.1 -425.2
841.0 -696.2
-174.7 588.0
-792.9 302.6
1000
-628.6 -982.8
-125.3 -465.8
724.3 348.6
-658.5 -609.0
-793.8 583.6
-776.4 618.8
-191.3 854.6
883.0 404.4
-42.3 979.4
455.6 -37.2
431.2 -211.2
525.2 -409.4
627.1 98.2
-819.2 -95.2
-923.3 568.4
167.5 -681.2
-289.7 859.6
-38.7 -95.0
-230.8 -527.8
-99.7 -202.2
-565.4 -614.2
-704.8 642.0
-804.2 -508.6
-234.6 566.6
948.6 -167.8
666.5 616.2
-944.8 119.0
-967.2 279.0
359.5 -504.0
-447.2 -328.0
623.7 -722.8
831.9 740.0
500.9 279.4
376.6 -617.8
-340.2 586.0
-1.0 -468.6
228.7 -251.6
-312.6 -473.0
173.7 -211.2
295.0 -405.4
-940.6 -222.4
692.5 629.8
180.2 153.6
-430.4 990.6
561.2 178.6
740.9 -922.0
-438.6 -13.6
270.2 -220.2
904.0 -512.0
511.8 219.8
-436.8 516.8
105.8 -873.4
940.7 -252.8
-613.2 743.8
-748.1 252.8
-490.4 742.6
917.0 365.8
858.2 -382.8
677.3 33.4
-301.1 105.8
783.5 -194.0
317.8 794.8
-764.2 -335.6
196.0 29.8
771.7 285.4
789.5 -372.8
301.8 715.2
-962.7 -307.4
375.2 302.6
-74.2 -711.4
911.3 -315.4
938.7 785.0
-349.8 625.6
-296.0 -872.6
-411.4 476.4
-483.3 263.4
165.5 672.8
549.5 203.4
-349.5 -362.4
-224.5 164.6
-99.8 407.2
347.4 -572.6
-349.5 -808.2
426.9 -779.8
844.1 -165.8
-67.2 679.4
-914.9 -382.6
-933.5 702.2
-531.2 130.0
65.3 -108.2
929.4 881.8
797.1 47.4
457.7 508.0
767.1 683.2
29.5 279.8
347.9 834.6
-974.0 417.2
323.4 48.2
-280.1 890.0
-656.3 -680.6
-339.1 -369.0
932.7 -35.2
-151.9 -313.8
-523.7 328.6
417.6 60.0
-760.0 -183.2
-79.5 139.8
-457.7 390.4
-350.2 715.2
-707.9 518.8
382.0 854.2
-542.7 -627.8
12.6 458.8
-129.3 -418.4
221.0 -759.6
-821.8 124.2
-454.7 -869.2
3.1 -834.2
-966.7 -891.4
140.5 981.6
119.4 -173.2
601.5 -495.4
-305.3 -469.0
-296.2 282.6
383.6 -15.2
428.9 783.8
-302.2 -223.2
299.8 -585.8
905.1 -262.2
-878.2 799.8
89.4 383.6
-105.8 294.4
852.0 617.4
392.6 -873.4
-299.6 413.0
729.0 526.4
463.4 777.6
266.0 315.0
958.9 690.8
261.3 -333.4
753.5 -544.0
849.0 -671.4
-838.3 316.0
-609.4 335.0
-543.9 52.0
839.3 724.2
-962.4 -241.6
-37.9 -614.6
-335.6 504.2
684.1 -367.6
-496.7 -738.4
-367.7 -463.8
717.6 -183.0
643.5 -103.2
36.7 -514.4
986.7 706.0
45.1 653.8
198.2 880.4
-231.3 502.6
427.5 720.8
762.6 364.4
-700.4 -798.2
-188.9 779.0
629.2 275.8
-292.6 -126.0
-358.0 387.0
-832.4 53.2
949.9 905.0
423.6 779.6
29.3 727.0
-187.6 -168.0
770.5 -239.0
-162.7 451.0
-28.0 -716.0
433.2 570.0
869.6 -879.2
787.3 963.8
-562.4 -180.6
742.2 -724.2
-172.0 -237.6
404.3 499.6
952.9 -104.4
-836.8 0.4
-255.3 842.6
104.0 164.2
-580.7 140.2
-706.3 -175.4
-366.1 605.0
-635.0 -993.8
126.6 -53.0
254.0 -665.6
-594.1 525.2
-440.1 496.2
609.7 795.4
-545.1 331.8
-171.1 -343.2
51.3 -717.0
60.2 855.2
-636.7 -816.4
-467.1 532.6
-226.1 -468.8
-400.6 583.8
-845.2 -598.6
-547.6 -947.4
410.5 113.4
-892.3 991.0
650.3 764.2
1.9 88.2
-952.2 39.6
-498.0 -488.2
148.6 -74.6
-733.0 -810.0
-152.0 564.2
514.0 787.2
745.7 -231.4
6.0 -725.2
-193.3 -743.6
661.6 -58.8
3.2 -404.0
700.2 849.2
-12.0 -628.2
335.9 -563.8
-648.7 34.6
-339.4 45.0
532.8 770.6
134.3 -244.0
-833.1 544.4
-99.5 748.0
-461.4 -772.4
581.1 -957.4
450.4 -664.4
882.8 -836.6
238.7 -411.0
-144.3 171.4
851.5 393.4
589.7 -809.4
-713.5 362.6
308.7 -779.0
-352.0 -331.6
-776.0 652.2
660.1 -695.8
311.0 -118.8
-398.7 347.0
791.1 197.2
-77.9 997.2
478.6 -932.2
69.1 414.8
-442.7 -506.4
-381.2 202.8
594.8 -113.2
617.4 -468.6
962.1 286.0
279.9 -253.2
-14.2 110.4
689.8 989.4
-528.8 445.2
823.5 558.2
726.5 -811.2
-94.5 134.0
180.7 -906.4
43.5 653.6
50.0 214.2
432.7 865.8
713.0 -10.0
-790.7 -790.6
-756.9 -464.4
-245.6 -903.2
-538.8 -489.0
760.8 347.8
-145.6 -811.0
-740.8 943.2
-276.0 -542.4
337.8 914.4
505.2 -74.0
225.2 -299.6
596.9 485.0
-723.0 205.6
-334.8 -338.4
647.2 336.2
-232.8 -206.6
-412.8 158.0
453.2 586.6
-938.0 599.0
863.1 215.2
-648.6 127.4
209.4 642.6
-182.9 -768.4
-796.6 -375.8
-476.1 -687.2
-1.0 -942.6
855.6 691.2
-572.1 17.2
188.8 475.8
607.8 -724.4
-134.8 -597.6
316.1 842.4
241.3 321.2
828.3 -146.6
-294.3 821.2
-967.9 413.4
-507.3 -502.2
-643.9 -806.2
-53.7 599.2
199.4 -800.2
285.8 -856.0
845.2 137.4
353.0 -600.8
553.0 621.0
-25.7 -125.0
801.6 617.6
-956.8 -883.2
-94.0 891.2
-132.9 270.4
690.8 127.0
264.8 822.6
546.3 -797.0
719.0 380.6
540.7 -793.2
206.2 -394.6
-405.7 381.6
-727.1 136.6
234.1 643.6
57.0 108.8
636.3 -731.2
493.3 390.4
-372.9 -772.0
-993.9 -750.8
-314.5 240.0
935.5 -672.0
-989.0 671.6
-944.5 970.2
-570.2 1000.0
-222.0 -80.0
133.4 974.4
-292.9 993.8
-381.8 -224.2
-346.6 97.4
7.4 -469.4
-664.7 -961.6
-754.4 -292.6
331.3 696.6
-753.4 -668.6
-51.9 486.4
-560.6 0.0
-392.9 -194.2
-308.5 26.2
37.4 916.2
622.2 330.8
-348.7 163.0
-80.9 853.2
-226.8 -823.2
-527.5 871.8
-479.3 523.8
-800.1 -293.8
-844.5 506.6
-73.8 659.4
754.1 757.6
400.9 -704.4
178.3 -336.0
-399.2 -168.6
970.4 -783.8
-553.2 -536.2
485.3 12.4
26.4 583.8
256.2 789.8
210.0 470.0
-577.6 244.6
-614.8 431.8
103.0 -544.4
-787.3 995.6
138.4 368.4
-150.3 -294.8
-1.3 297.2
-422.3 668.6
273.2 666.8
-514.5 -85.2
25.2 266.8
692.8 145.0
489.4 883.4
306.8 -129.8
717.9 956.6
416.5 -597.8
743.5 -851.6
859.4 -890.6
-921.9 202.0
520.7 726.8
-653.9 691.8
-52.3 693.0
197.8 -116.8
854.3 517.8
545.2 343.6
384.7 -68.2
-514.5 -665.6
-14.7 -968.0
256.1 185.2
-931.2 957.4
-140.7 -719.2
157.4 -219.0
-791.2 91.2
183.8 237.0
-322.9 74.4
-371.8 -850.0
-442.3 -923.8
302.9 442.2
-243.2 -672.4
314.8 405.2
386.9 -98.8
799.3 -405.8
312.6 -238.4
312.7 804.0
-772.6 -551.4
-152.9 894.4
11.4 696.6
320.4 35.6
569.1 14.6
611.7 286.8
-414.2 544.8
173.2 505.6
464.2 226.4
-828.0 -997.8
-257.1 612.6
761.6 -116.0
-242.7 697.2
-178.9 181.8
224.3 106.8
958.1 -996.2
-511.6 -375.2
155.1 300.8
271.0 302.0
-960.4 65.8
-304.7 -918.0
-476.5 -76.0
552.8 -789.6
-318.7 547.0
344.6 -602.4
521.3 69.0
7.2 -396.4
225.2 155.4
173.4 -737.4
-955.8 -581.2
-87.7 -918.0
-821.6 831.8
825.3 197.0
-341.2 -315.6
-328.3 -231.4
-208.3 -208.6
666.5 892.6
-106.1 382.2
983.6 717.6
-685.3 -475.6
697.1 -221.8
510.0 -873.0
-716.2 -600.6
55.9 -69.4
648.5 666.6
886.2 -331.8
-153.1 456.4
-790.0 435.2
-21.9 390.2
-714.6 315.4
-764.2 -163.8
-124.6 -638.0
-115.8 -282.6
-904.3 439.4
280.5 574.4
384.5 -866.6
600.9 -394.0
-801.1 -212.4
-583.1 -796.4
44.1 529.8
353.1 466.0
931.9 -767.8
322.1 -579.4
-235.0 350.0
746.4 168.4
177.2 39.4
-891.1 859.0
-559.1 -661.0
-930.8 -196.0
524.0 726.2
107.0 598.4
-569.6 336.4
-433.5 740.8
333.4 -189.2
855.7 -189.4
938.6 60.8
725.1 37.0
482.9 896.6
-877.5 -809.4
-454.8 -0.4
599.0 -777.4
262.4 153.4
955.1 750.8
-235.6 -945.4
-715.8 45.0
148.4 -179.8
-996.7 207.0
-511.9 166.0
-765.1 235.2
-723.6 -812.6
60.4 829.8
751.5 703.6
890.8 -129.0
-155.5 815.2
-587.2 154.2
-625.8 744.0
618.8 203.4
373.4 -976.6
-569.4 -757.8
131.6 -429.6
-989.8 759.2
-749.7 -131.0
-578.8 577.0
775.6 -724.0
685.5 15.2
465.1 230.4
-653.4 858.6
-406.5 -197.6
450.9 -967.4
376.7 98.0
578.9 231.8
739.2 797.4
-861.1 -290.4
691.8 -191.0
-732.4 984.0
-514.1 248.2
-737.9 -357.4
-405.1 -535.8
-470.9 323.2
-88.1 546.0
773.4 -294.6
-893.0 -488.6
598.5 -783.0
670.9 -307.0
187.6 -359.8
-434.4 885.0
472.5 644.6
-471.4 -0.6
774.6 460.0
-183.2 759.0
-672.1 723.2
770.8 -382.6
629.1 -36.2
772.9 -48.6
-739.9 -669.0
-426.4 488.0
-150.9 618.2
-461.9 713.6
429.9 -196.6
-747.6 -528.4
-866.3 957.4
780.8 -405.8
21.1 -150.2
-247.9 508.4
-25.8 -703.0
9.2 783.4
289.7 -356.4
68.5 605.6
192.6 292.0
-642.6 -824.4
-586.3 -9.6
199.8 572.6
681.7 931.6
822.1 -321.8
243.0 -22.0
416.0 906.2
-126.3 564.0
-631.9 -964.6
767.1 14.0
94.6 -529.2
-550.1 -358.0
-386.9 -253.0
945.1 597.6
-568.1 189.6
347.1 -224.6
482.2 -561.0
-692.4 72.6
290.5 -661.8
487.8 590.8
-891.1 789.0
-514.4 -889.2
-731.0 -74.8
663.2 753.8
-404.0 -318.8
-299.6 -584.6
787.2 768.6
-632.9 -78.2
72.5 371.4
-321.3 -6.0
-352.8 708.6
-747.3 138.0
-977.4 -104.6
675.4 926.2
166.1 -672.4
94.7 932.6
-573.2 -397.4
-158.3 -707.8
-403.8 708.2
304.7 459.8
115.1 935.0
-770.7 179.4
638.6 -238.2
-29.0 -407.8
653.5 -557.8
551.8 -988.8
500.2 969.4
677.6 -445.6
245.2 -183.0
187.0 -189.0
-929.7 -749.6
-952.9 340.6
896.0 -2.8
-739.0 -539.6
-914.8 -540.6
296.3 689.8
617.0 -185.8
-537.2 895.6
-550.4 -78.6
-863.6 -83.4
-107.4 -626.4
-356.1 -266.8
766.2 -797.2
-856.5 877.4
-220.8 -435.4
-424.6 751.0
386.8 419.0
-961.2 -114.2
-735.2 -387.2
-784.0 64.2
-845.0 -109.2
393.0 -467.6
-868.2 314.8
-69.4 636.0
-937.2 -745.8
164.5 -308.2
447.6 116.4
-6.0 -584.0
-231.3 -885.6
196.8 596.4
585.6 366.2
981.4 -895.2
582.6 939.6
-88.2 54.4
62.9 263.4
-390.2 -732.0
715.3 -436.6
596.0 -264.0
-372.3 860.2
-434.5 3.2
155.2 -653.8
227.3 948.2
509.0 216.0
-540.5 -431.8
-943.1 -496.2
464.8 727.2
915.8 -746.6
41.3 448.8
673.7 -477.2
-611.1 462.2
417.9 -514.0
937.1 389.4
797.8 446.6
-219.8 -362.6
203.0 -88.8
-941.7 28.6
-477.1 -792.8
-81.1 -877.6
-432.6 205.6
810.1 -802.2
-204.5 307.6
-408.4 -108.4
-318.4 -988.6
-709.2 438.4
688.5 -514.4
-849.8 804.8
-962.5 -623.6
-904.4 -436.6
381.2 102.0
-641.9 654.4
94.1 66.4
176.7 -116.6
-108.8 280.8
-958.9 8.4
409.2 390.6
-236.6 292.0
139.8 -174.4
-806.9 572.0
785.2 160.8
679.5 534.0
201.8 418.8
-501.6 339.2
-682.6 -744.4
-120.5 -813.4
-823.1 -865.8
67.9 667.4
232.6 829.2
-662.7 -287.8
633.2 -593.8
-305.1 969.8
972.6 -949.4
-155.2 -661.4
711.9 -802.4
-698.6 -563.8
-934.5 -348.6
718.1 588.2
-231.2 -987.2
832.6 897.4
-248.7 -157.0
-789.1 -333.8
-187.5 -208.8
127.4 691.8
-869.1 655.0
813.7 -298.8
-50.6 -205.8
242.1 8.6
-685.8 -758.8
724.2 -624.0
766.0 551.2
676.2 586.0
253.9 -721.6
180.6 786.4
-975.3 -434.6
742.6 443.0
-828.2 620.4
528.9 468.4
-28.4 981.6
-518.1 -165.6
98.7 -627.6
518.8 -810.4
-294.4 569.0
545.9 -175.4
-113.3 -469.6
-962.1 200.8
-831.9 328.2
-255.1 171.4
54.8 -488.2
-465.3 -19.2
-665.7 -735.4
-29.1 -775.8
-993.1 -941.0
-365.2 800.4
-396.0 -22.8
-338.3 987.8
-167.7 -694.4
648.0 714.8
-44.8 300.6
-817.7 -906.8
-862.2 560.8
-1.6 -785.8
-725.9 -278.2
-145.2 91.4
-582.4 -200.0
-206.5 622.0
-397.2 -117.2
509.4 822.2
968.6 901.4
73.4 335.0
204.7 259.0
-556.0 721.2
129.8 -884.8
-582.4 361.4
-375.6 722.8
250.5 371.2
543.7 -257.4
-608.6 310.2
384.5 -120.6
54.7 843.8
78.5 322.0
500.0 374.0
-843.2 -963.2
962.7 582.8
289.6 -680.6
645.2 205.8
215.2 -248.8
560.3 610.8
-157.3 232.8
141.2 433.8
292.4 745.4
-983.4 -662.4
-717.6 632.2
717.2 -326.4
-138.4 -632.8
328.5 -288.0
-693.2 473.2
445.0 -200.4
6.6 -260.6
-781.8 -157.6
420.5 -88.8
895.1 417.8
-47.6 -117.6
-384.0 -733.2
-942.1 572.8
305.0 -30.8
-828.9 825.8
609.3 -20.4
-583.6 844.8
-741.8 9.6
864.1 231.2
728.3 -402.4
-927.5 169.6
135.9 -461.4
-501.1 295.8
-69.2 -269.4
-660.7 713.4
-0.1 -686.6
370.2 -172.8
-18.4 -370.8
-943.1 23.2
933.5 980.0
-624.0 -720.4
569.9 -447.6
412.6 168.0
51.6 -630.2
-354.2 823.8
-496.7 281.2
561.2 874.0
-61.0 510.0
-238.2 616.6
-203.0 110.4
542.1 606.0
182.5 482.6
850.0 65.4
622.7 -746.2
901.6 -797.2
65.2 -437.0
-481.7 66.0
-641.4 -405.8
305.9 -301.0
-816.4 -573.6
901.0 183.8
831.2 -859.0
970.6 310.0
-394.3 -207.6
103.5 590.6
-483.5 -766.6
-786.9 485.4
832.2 763.8
-353.2 880.2
1.4 323.0
-358.8 871.8
-819.0 666.6
689.9 912.8
368.8 -349.2
-735.5 -331.0
-67.4 -707.8
82.6 860.8
-392.7 920.6
176.2 186.8
-545.3 474.0
832.6 691.6
523.2 943.0
304.2 -350.2
284.7 -671.4
196.3 -450.8
585.2 -95.4
68.8 485.0
-890.8 -795.2
339.4 -880.4
-28.1 978.0
-81.1 -839.4
-352.1 87.8
-29.3 116.8
-847.1 970.6
641.1 259.6
513.1 415.2
615.7 -613.0
384.2 198.0
722.0 775.4
-763.5 255.6
416.6 906.2
-781.3 -881.0
-317.0 528.0
-115.7 209.8
268.0 -865.0
-130.7 687.8
918.0 -747.8
-449.5 760.8
-652.5 223.8
-495.2 270.2
-492.0 206.0
762.8 386.0
-168.8 -611.6
-780.2 -416.2
834.2 -580.4
-777.5 247.2
415.0 -998.2
667.6 68.4
-300.2 -491.4
268.6 -494.6
141.8 -484.4
-7.2 -667.6
-965.1 -664.2
-297.4 588.6
-583.2 652.4
860.8 -205.2
920.1 77.2
-153.5 270.8
-472.3 66.2
167.8 -998.6
-726.8 807.0
497.2 -267.4
-201.4 700.2
796.0 624.0
-432.4 307.4
449.6 -635.0
166.1 760.2
746.8 694.8
-718.2 -168.2
-664.9 335.6
359.7 341.4
312.9 -380.4
609.8 611.0
-135.5 -670.8
-828.0 -263.6
-235.6 321.8
-776.4 -366.4
-461.9 976.4
-875.5 122.2
-283.7 -32.2
406.0 521.8
-464.2 -925.4
507.6 639.6
86.3 27.8
557.7 365.6
232.2 -996.8
-265.4 -535.6
490.8 266.0
996.9 559.0
-879.2 960.2
-830.0 -629.6
482.9 -671.4
705.8 -500.0
425.5 -844.0
455.9 -860.8
610.2 -344.2
274.3 -218.8
586.8 886.0
872.8 -996.0
-930.3 -847.6
567.9 165.2
842.0 208.8
121.3 -49.2
107.6 89.0
-693.2 858.8
260.5 954.8
-626.9 -0.2
324.0 893.4
-345.0 151.6
-911.4 -707.8
867.6 566.6
6.2 -906.8
832.0 569.8
-462.4 994.0
727.5 604.0
68.3 694.2
803.5 -867.4
238.5 180.2
-322.8 -830.8
-587.1 382.0
-629.3 588.8
453.1 169.6
-626.5 -503.2
272.2 -515.6
-370.7 166.0
412.2 906.4
-371.7 12.8
-516.7 393.6
-718.6 908.8
-644.4 -982.0
495.3 300.8
83.0 -125.2
-617.3 -22.8
216.3 -419.0
520.6 -616.4
545.4 998.6
930.0 150.8
-418.0 95.2
434.3 -61.8
-994.9 -207.2
600.3 590.6
207.2 -237.6
-12.7 53.0
-309.2 16.0
-388.6 894.4
141.2 186.6
-362.6 503.0
-466.5 -256.2
464.4 982.0
622.9 -669.6
-939.4 -423.6
589.0 -48.6
-801.0 -309.8
-352.6 363.4
-385.7 841.0
269.6 210.8
-192.7 -709.6
-782.7 -850.4
579.4 232.6
-831.8 -111.8
-931.1 -693.8
2000
-407.2 -523.0
-533.9 31.8
607.8 -267.8
-419.3 232.4
931.3 -25.8
233.4 -269.0
-295.8 -7.4
632.3 -194.6
20.3 -691.8
82.4 578.6
161.3 -823.4
-675.1 290.8
-564.1 -401.0
97.4 -551.4
590.3 4.4
-332.8 84.8
407.0 -266.6
298.7 331.4
164.5 173.0
423.6 -241.6
235.7 -143.8
540.3 437.0
-46.8 -687.8
-354.5 359.4
-103.1 -594.4
-754.2 -107.4
-375.4 -516.4
127.6 804.6
481.7 -76.6
246.6 -427.6
791.7 -156.2
312.5 -613.2
37.3 295.6
-469.1 523.6
210.5 -252.2
783.4 -102.0
145.4 -436.4
-73.6 -76.8
209.6 -388.6
931.8 -33.2
157.9 -339.2
568.6 -105.0
234.2 159.6
-728.3 121.6
-558.4 -177.4
-586.9 146.6
-443.3 -290.4
419.5 -240.0
104.6 779.2
73.3 -626.6
-328.0 -185.2
73.1 122.6
-601.1 121.8
-329.9 -219.6
752.3 223.0
208.2 -240.4
918.4 -32.8
172.6 73.8
-863.6 30.0
-888.5 54.2
543.6 172.4
-351.0 -304.6
210.3 200.2
-174.5 -515.4
206.6 691.8
453.6 516.6
-344.8 445.2
157.7 -672.2
-109.2 -652.6
-672.3 46.2
-321.0 -667.6
-564.7 378.0
-490.1 -435.6
143.5 550.8
-235.9 -167.8
-322.8 418.8
356.4 556.6
-215.5 -420.6
-64.2 573.6
-225.8 609.6
-75.6 -112.6
-740.3 -19.4
248.9 512.0
-303.3 -559.6
544.0 34.6
208.5 555.0
-53.3 -864.6
652.9 198.8
595.5 -142.8
-54.5 -296.8
49.2 550.2
31.4 467.4
178.8 479.8
-181.1 466.8
722.0 116.2
-724.2 95.4
-976.7 -9.6
-266.0 -215.6
425.3 465.6
-72.0 897.2
501.3 -157.0
436.0 102.0
686.4 53.0
-927.3 45.0
395.3 252.2
516.7 -166.6
-351.8 389.0
-440.4 165.2
31.4 745.4
-43.4 290.2
421.6 -469.2
717.6 201.0
-34.3 397.6
-356.8 -292.8
-57.0 -482.8
-47.7 894.4
901.6 -32.8
-277.4 449.8
385.2 42.0
-112.5 226.6
-130.4 -534.0
-452.3 -434.4
282.3 226.0
304.9 -91.0
127.2 786.2
-57.9 -147.2
266.0 -415.2
670.7 256.2
-143.5 17.8
495.4 -405.6
220.6 -27.2
126.6 625.4
-186.1 34.8
357.0 -543.4
-395.0 49.0
-50.1 -760.2
395.0 -445.2
627.8 215.2
56.1 -239.4
230.1 491.4
-184.5 236.8
277.5 262.6
-186.3 151.6
-190.4 -372.6
-635.8 -146.4
-289.2 -377.8
50.2 816.8
437.9 -146.6
-107.3 -846.4
-166.1 -555.2
-383.6 -548.4
101.9 -34.4
-431.9 477.6
465.4 -251.6
-64.9 -603.6
202.1 577.2
175.6 -670.2
-348.4 -435.6
-515.6 274.0
-828.5 45.4
-198.7 -463.4
70.6 505.0
-334.7 574.6
-343.1 456.4
405.7 167.2
-826.8 -28.0
411.0 -129.6
254.3 -306.2
-285.9 88.6
110.9 -359.2
-371.9 -579.4
-298.3 -697.0
49.3 -32.4
909.1 10.4
-118.6 -217.6
357.1 324.2
72.7 878.4
388.0 367.0
-228.5 689.4
251.2 714.8
53.9 -399.2
-237.6 726.0
-314.3 -168.4
415.9 354.2
78.7 -148.6
684.9 297.6
-28.5 915.8
413.2 149.0
-386.0 288.0
384.4 -476.4
-190.3 3.2
-353.5 137.4
-621.9 24.4
123.5 -740.2
470.0 298.0
-783.4 53.4
14.0 351.8
112.8 428.8
479.7 444.8
710.1 -190.0
-347.6 216.2
-326.2 440.0
707.0 248.0
363.6 309.8
22.2 -200.8
-180.9 50.6
-170.9 -229.2
-190.5 -313.4
-301.5 -142.2
656.0 -189.8
-378.0 -184.6
-122.4 157.0
861.2 114.8
-476.3 -342.8
90.7 223.6
-326.6 -339.4
158.7 -427.4
797.4 -24.6
-176.1 -788.2
-647.5 -308.2
340.8 -571.6
506.9 -443.4
582.3 -331.2
-167.0 -755.8
703.3 -282.0
711.1 4.0
-136.4 -183.0
173.6 125.6
37.8 400.4
-39.7 -153.4
846.4 -50.4
-53.3 704.4
232.1 -365.6
24.1 837.2
-692.0 283.0
-150.1 -22.6
16.9 -497.2
-127.5 236.2
143.6 840.0
65.9 240.0
536.8 234.2
-61.8 -449.4
-336.2 -136.2
329.9 604.6
639.2 128.2
400.3 59.4
32.7 -179.2
968.8 -5.0
-864.9 16.4
313.0 -430.0
88.2 884.6
-33.9 -558.6
-664.7 -100.8
710.5 -224.0
387.9 -209.6
403.1 273.6
-384.7 -549.0
467.8 77.4
176.4 309.0
84.3 620.4
331.2 -649.2
305.6 -508.0
39.5 -942.4
-343.8 198.4
-902.5 -7.8
-46.5 565.6
221.3 -487.6
722.9 36.8
99.5 -789.0
26.0 819.6
-88.2 -721.4
445.9 138.4
165.7 -254.0
-577.0 -212.6
-43.4 510.0
361.4 208.0
-778.1 79.0
-125.3 136.8
-197.5 -407.0
313.0 -171.6
791.4 193.8
373.7 -361.8
56.3 -182.2
-265.5 -175.6
-119.5 611.4
-490.5 99.6
740.4 -230.8
295.0 299.6
237.4 344.8
-196.8 -367.8
-214.0 505.2
544.4 175.4
251.3 -694.2
269.0 -318.4
-19.7 335.6
-32.9 -645.6
293.9 679.2
118.4 -424.6
447.0 -532.6
351.4 -569.6
490.7 228.6
-832.6 29.8
29.6 525.2
-231.1 -105.8
309.1 -114.2
286.1 532.0
-66.5 615.2
-766.5 171.0
-922.7 50.4
-156.4 -595.4
-307.6 78.4
220.6 -372.0
515.8 209.0
324.0 88.6
873.3 54.4
-106.1 -458.2
-461.8 -464.4
795.1 -191.2
-58.8 518.6
215.6 -61.2
343.5 622.2
-673.7 19.8
480.7 -107.4
-32.9 811.4
404.9 293.4
-78.8 -161.4
-93.6 -488.0
-288.1 -267.8
-883.3 -27.8
-69.7 -76.6
89.0 -66.6
-216.6 632.2
237.1 -609.8
591.8 13.8
430.3 -340.6
569.1 -118.0
281.4 225.6
574.9 350.2
37.2 118.4
286.6 597.4
-181.5 -285.2
-377.0 -292.2
513.0 -72.2
-446.8 -367.2
-428.3 114.6
-51.3 -912.0
23.8 42.0
-142.0 386.2
-525.3 432.8
433.1 199.0
-67.5 332.6
80.7 -464.8
-119.7 366.2
289.5 31.8
-236.8 747.0
-511.3 285.0
-118.6 167.8
19.2 -843.2
-835.6 -89.2
205.3 -353.8
-15.3 -776.6
-385.6 -522.4
462.5 -185.0
-231.5 -378.4
-200.9 615.0
-567.9 -178.0
-90.5 -41.4
-186.4 298.6
529.1 -3.4
-637.6 -33.0
-111.6 -76.6
-505.6 316.2
722.9 -139.2
371.7 344.0
-150.4 644.8
-317.7 -389.8
177.2 769.6
644.0 17.0
-326.6 600.6
299.2 -590.4
-660.9 -38.6
402.1 -167.6
-103.5 426.4
-111.9 -825.4
621.5 -65.6
-601.2 225.4
-460.2 146.2
755.4 75.6
-598.4 -232.2
325.7 -106.4
391.6 -349.4
16.1 618.0
190.7 -67.0
-166.1 163.2
437.3 -472.0
93.0 232.6
10.2 768.6
-497.9 -134.6
326.0 -70.4
-123.6 174.8
-578.5 298.8
-378.0 -10.2
-81.5 -601.6
312.7 -304.2
107.3 -375.6
152.9 374.2
375.0 84.4
-33.0 -510.0
131.7 865.8
46.6 -23.8
240.7 -731.8
83.8 -634.2
-310.6 -7.4
519.3 -442.0
-821.5 -128.2
505.8 -122.8
203.3 -425.6
-873.9 57.6
-388.1 300.4
470.1 145.4
37.4 170.8
-527.9 257.4
13.1 460.4
-409.0 -94.0
23.3 312.4
109.7 -251.8
-657.0 275.4
879.1 118.2
-8.9 172.4
410.4 245.8
266.8 -353.2
93.7 -781.4
31.6 -332.0
255.4 612.6
344.7 -198.4
850.8 27.8
-295.5 -546.0
-612.3 27.2
-327.6 171.8
376.5 -525.4
-280.3 711.2
-413.9 -146.0
-626.1 -69.6
-45.3 -153.8
-121.7 818.8
92.6 -708.4
636.2 -3.0
103.5 512.6
570.8 -243.0
148.4 412.6
665.0 -66.8
-162.0 -507.0
900.5 -13.4
349.8 448.4
-100.9 -249.4
565.8 -51.8
433.9 -530.6
583.8 -288.8
383.4 -80.8
-105.3 71.4
242.4 -196.4
273.3 -52.8
467.4 85.6
408.9 -370.6
503.8 415.6
42.5 731.8
-495.2 -322.2
-89.6 498.2
570.9 103.8
-13.8 981.6
951.0 -42.0
345.1 93.6
489.1 -463.6
289.0 -570.6
-630.1 233.6
33.5 784.0
152.8 18.2
-346.1 240.0
-864.8 8.8
206.1 545.8
-163.6 -334.2
452.1 271.0
640.4 -213.4
-99.4 -447.8
-30.7 538.0
424.2 -336.2
-522.8 199.8
599.1 -43.2
43.3 299.0
-322.9 -472.8
-4.3 -509.4
52.5 522.2
629.0 -348.4
196.2 658.8
432.5 567.0
64.5 318.6
-695.6 118.0
309.8 -151.0
-801.8 75.8
-487.8 -295.4
416.6 236.8
-233.1 -227.4
-176.8 291.4
550.5 443.6
171.3 776.0
-585.8 350.6
-725.5 233.0
-660.0 103.8
-38.7 -109.2
-273.0 -156.2
-765.6 202.8
-487.8 -343.8
230.6 150.4
684.2 -216.6
-186.1 -365.0
125.4 345.4
-82.4 766.8
388.3 495.0
-444.6 -280.0
49.9 798.0
-237.5 -744.0
279.4 568.2
387.1 -63.6
478.1 -318.2
-8.1 -472.4
6.8 144.2
-708.7 -135.8
-273.4 -393.6
-341.4 -547.6
-940.2 39.0
-64.3 -725.2
-77.0 588.8
159.5 -119.2
-394.1 -311.8
-574.0 103.2
-33.1 819.8
-510.1 -284.0
-240.7 -3.4
-406.0 -231.0
469.2 -124.6
-373.5 154.2
538.6 358.0
-120.6 490.4
-14.9 -116.0
-832.4 -31.4
211.2 -631.2
611.1 119.8
-204.3 217.8
184.3 -328.4
-758.6 -122.8
308.2 -192.2
-619.7 379.2
-656.6 161.6
-455.1 483.0
546.5 281.8
516.4 -385.4
595.1 -232.6
463.8 -21.0
-320.0 668.6
-424.5 230.6
-494.5 -492.6
269.1 526.8
76.9 -877.6
-692.8 56.4
-956.8 -32.2
-329.0 -539.4
646.7 124.0
-343.0 227.4
18.5 -561.4
-164.5 -586.4
-399.4 537.6
-551.9 422.4
268.9 538.0
-99.6 -883.2
295.3 64.0
296.4 -169.2
-191.9 -240.4
130.1 375.2
44.3 -376.8
676.4 11.2
169.6 -805.0
180.4 -139.2
827.4 -132.8
662.2 177.2
-179.8 -794.4
292.6 -308.2
-508.2 121.0
497.8 -369.0
-101.4 -527.8
-287.0 -93.0
-17.8 -165.2
-523.8 -416.6
-445.5 307.0
-528.9 199.0
576.6 -2.4
-335.9 209.2
-128.6 -628.2
82.7 -687.2
45.6 -117.8
480.3 -400.4
-12.1 808.2
367.1 111.6
-209.9 -574.6
-2.4 470.2
155.7 652.8
-69.5 -898.2
328.2 388.6
-41.2 722.8
-34.8 -858.4
414.0 64.2
-486.3 -296.4
-445.7 380.6
938.1 49.2
-550.1 -223.4
323.2 539.2
-99.2 882.0
-667.5 67.4
766.0 -14.8
-246.2 242.0
51.0 290.4
-390.2 150.2
-853.7 32.0
540.7 27.4
-153.2 -364.4
-247.1 181.4
85.0 833.6
-70.2 874.2
-60.1 930.0
-588.9 378.8
214.3 265.2
-143.4 375.6
-606.9 -326.0
209.3 -58.0
-488.7 503.8
-157.9 -169.4
295.4 -361.4
-195.0 779.2
481.3 117.8
-114.6 70.2
70.3 -844.0
-8.7 -632.2
600.8 184.0
-821.9 52.0
-334.2 -498.6
184.8 672.6
77.1 451.0
251.8 -338.0
341.1 -228.0
300.0 661.6
-3.8 -302.8
-847.9 76.8
-345.0 -48.4
710.6 -160.0
-510.3 63.8
-248.6 79.8
-98.8 769.0
861.0 -36.0
158.6 545.2
516.8 -231.0
137.6 52.4
-682.5 256.6
-427.8 -567.0
694.4 121.8
-205.6 558.0
171.9 -590.0
785.8 24.0
-461.0 122.6
194.7 -312.0
-720.4 -90.2
189.9 -126.4
-552.9 -41.2
-115.8 763.6
-924.3 -9.8
95.0 362.4
-326.6 447.2
-165.3 -757.0
-70.1 738.2
-401.2 164.8
-448.4 -421.0
144.7 -291.4
124.5 34.0
352.0 548.8
-245.1 175.8
194.5 -233.4
111.4 -9.6
-108.8 -503.0
374.1 245.0
-853.4 90.2
-80.2 -820.4
401.7 43.4
-519.7 321.0
-347.4 -302.2
-204.9 347.8
258.2 -263.6
693.3 -154.0
220.7 482.0
240.3 397.2
517.6 137.8
194.6 -70.0
691.5 -177.6
-254.0 -466.2
-104.1 -570.0
86.7 222.6
-390.7 320.4
-92.5 77.2
-358.0 -29.4
645.7 69.0
-795.9 3.2
-152.2 -50.6
392.0 346.0
-195.0 154.8
584.8 -55.4
-628.2 215.8
-480.4 -181.0
-481.9 -157.4
-146.4 814.8
-693.9 6.0
-415.8 -180.0
-844.7 135.2
-777.3 -137.2
-692.1 -61.4
330.3 -154.8
-99.5 94.6
117.3 632.4
-520.0 191.4
348.1 222.4
-321.4 -429.0
399.4 482.6
-281.8 37.2
-687.1 -245.0
-358.9 550.8
-368.8 -273.8
612.1 -106.8
339.1 -2.4
80.5 455.8
-1.1 696.8
270.7 635.6
-372.4 22.6
-227.0 601.6
-369.5 477.2
-731.7 101.6
500.5 -495.8
20.7 -530.2
257.7 577.4
608.0 -118.8
185.3 -691.8
205.2 -601.4
28.8 -507.6
-148.4 -130.4
-731.1 -264.2
-406.8 397.4
194.2 -536.8
-481.4 452.8
254.4 345.0
-384.0 324.2
565.4 -155.0
-319.7 -438.2
285.7 414.0
152.4 -198.4
-667.2 233.6
-85.0 187.4
-219.8 261.0
673.1 90.2
-420.2 39.0
84.3 61.8
-795.5 -192.2
-695.5 -134.2
209.4 -346.0
534.9 -233.6
-397.5 184.4
-40.1 535.8
-152.0 115.0
240.7 -613.2
310.6 -613.0
379.5 -346.6
-274.9 -549.2
-816.0 -183.8
167.1 -95.6
-415.8 116.8
-174.7 90.0
138.1 -845.8
-731.9 -106.2
201.6 -304.2
-758.5 156.4
-814.6 -36.8
-281.1 111.8
339.9 221.2
-142.3 -352.8
432.5 -110.8
-149.6 -95.0
-151.8 242.2
-796.1 120.2
110.1 420.6
-402.6 553.0
-761.3 232.6
-249.6 -445.6
155.0 -434.6
-397.6 540.4
102.4 -508.6
856.5 -67.2
461.3 -425.4
28.2 108.4
-126.0 -141.0
41.7 -585.2
-388.4 528.6
-381.5 -392.8
-447.0 -134.0
283.7 -664.2
-71.9 -362.4
27.6 423.6
297.3 -203.6
-147.6 -244.6
76.8 -258.8
-144.0 436.6
-1.3 -277.8
-26.0 -440.2
184.6 672.8
440.4 -509.6
728.9 -215.0
-16.0 -583.4
391.7 183.0
577.1 -207.0
-550.2 -374.6
350.8 -340.8
-28.7 108.2
34.9 -514.2
-790.9 201.8
-49.7 695.2
-163.6 102.6
139.9 145.4
-785.7 -19.0
144.9 194.2
82.6 394.4
-176.0 727.8
-345.5 -625.0
710.8 28.0
-318.7 -14.8
37.9 87.2
-46.7 778.0
-590.7 23.0
-203.1 670.8
305.3 202.4
24.1 -442.2
662.3 15.4
346.1 -98.2
-163.9 -152.2
67.4 -353.8
597.5 130.0
-477.3 -379.6
-691.2 -208.4
336.0 313.0
-405.0 -487.8
-773.6 -111.8
-54.5 345.8
455.2 132.2
-136.1 -590.6
145.8 -769.2
62.8 902.0
-386.6 477.0
-350.1 84.6
278.4 557.8
-828.1 62.8
270.5 512.6
469.3 -61.0
-593.7 151.8
636.3 -339.2
-364.3 323.6
459.1 100.8
-386.4 -345.4
-291.4 -331.6
80.1 -915.4
-24.8 -581.8
-828.1 151.8
304.8 74.0
-585.5 -390.0
454.6 -420.0
-112.0 368.4
-650.8 -254.8
265.4 369.8
310.8 -528.4
220.0 262.4
31.7 237.2
-60.8 -416.0
241.5 377.2
-144.9 798.6
106.9 -578.2
550.3 125.2
349.8 -431.2
499.0 -447.4
237.9 430.2
-120.2 -492.4
311.1 -144.8
250.5 620.6
238.3 190.2
-460.6 24.6
394.8 -472.6
56.7 905.0
-118.7 -828.4
-298.4 -118.8
237.5 519.4
406.4 590.6
-131.6 751.8
-343.2 19.4
680.1 -215.4
-871.1 -35.2
-269.4 98.4
406.9 150.0
-61.9 462.2
-306.0 -412.6
-740.7 166.0
677.3 29.4
5.3 -11.6
-593.2 -264.2
-58.0 660.6
-557.9 227.6
98.2 -526.0
-58.4 -748.4
-472.0 -38.4
556.7 421.0
-391.1 255.6
171.1 681.0
-53.8 347.2
-970.1 22.6
-346.5 -511.8
-699.7 211.2
-311.1 -508.4
361.3 -411.2
-514.7 -428.2
464.1 146.4
165.2 -738.6
848.7 17.0
-221.5 -152.6
81.0 -623.8
758.2 -154.8
505.8 -229.4
-122.9 -322.4
124.1 -474.0
583.0 -341.8
396.4 544.6
664.1 -162.6
-642.2 89.4
253.2 -150.2
-207.5 343.4
-180.5 -234.4
-896.3 19.4
540.3 -198.8
377.7 434.8
-811.0 106.0
292.3 -418.4
507.0 -430.0
-435.2 197.8
-156.7 5.4
-52.1 813.6
-42.1 418.0
277.6 57.8
32.8 349.2
656.8 280.0
320.3 -301.2
-222.3 668.4
-606.1 -266.0
695.5 -292.0
726.0 48.4
-119.6 844.0
-97.4 582.8
658.4 223.0
-541.3 167.0
109.1 218.8
154.1 419.6
-66.5 -72.8
-37.1 61.2
-318.7 -151.6
357.8 -74.6
677.7 17.0
49.1 -540.6
235.1 -656.6
-86.1 319.2
4.8 212.0
-37.6 111.6
-646.2 -114.8
60.8 836.4
-615.0 29.0
-370.5 443.8
129.0 466.4
459.8 -373.8
720.2 -214.2
-658.0 -94.8
-247.0 -344.8
-476.0 242.2
-633.4 213.0
-416.4 -210.2
-119.9 -461.0
-566.3 253.8
-759.7 -44.6
-572.9 -397.6
789.4 145.6
-446.3 -32.4
103.5 -891.2
-295.0 9.2
684.4 -86.4
291.8 11.0
-15.7 234.8
644.1 -105.0
-70.7 -424.2
-629.8 6.8
-293.1 -291.2
-23.0 250.2
-348.1 362.8
-62.3 -427.4
628.9 -14.8
-669.8 73.8
-846.4 115.4
210.4 -606.4
53.1 934.4
840.2 -145.8
-157.1 166.0
-50.9 -724.8
-282.6 350.0
-335.5 214.8
529.6 -375.6
186.5 -141.4
-242.4 -530.2
-83.1 -486.6
209.9 243.4
70.9 762.0
-349.9 269.8
32.0 -101.6
206.8 435.6
290.9 -448.0
394.6 -239.2
458.8 145.8
376.7 616.2
-49.0 28.8
-777.3 142.0
141.3 731.4
143.1 703.6
390.7 465.2
-346.7 269.2
-254.5 -141.8
431.3 -515.8
-266.5 -387.2
43.8 -209.4
79.4 -277.2
-108.0 315.2
395.3 -567.4
-38.0 734.2
-196.5 158.2
528.9 -123.8
-766.7 -4.6
364.6 352.8
500.9 -33.4
-223.8 502.4
16.3 -509.6
412.4 -411.4
-323.3 -397.2
-94.8 611.2
677.3 133.0
-317.4 204.4
-347.8 142.8
112.8 106.8
78.5 732.8
448.2 441.6
-689.5 160.6
546.7 -48.0
-355.0 580.4
218.1 32.0
407.4 -493.0
173.4 -410.0
-361.4 30.4
401.9 -200.2
-141.5 14.4
-341.3 69.4
-30.4 -813.4
54.7 -273.0
500.0 209.6
416.8 -100.6
409.6 -391.0
251.5 -103.0
-423.0 1.4
62.2 -800.2
-760.9 130.8
-377.7 -18.0
385.2 134.0
271.3 378.6
525.2 145.8
-299.8 -562.6
-80.8 354.8
95.0 -771.0
-490.4 223.4
170.4 348.6
-850.7 89.4
326.4 622.4
518.5 -289.2
-140.4 459.4
-260.7 227.6
-325.5 -427.6
252.8 -588.4
-175.3 -481.2
-27.6 -782.0
-28.1 574.4
-93.1 253.2
-506.0 113.2
105.4 -808.2
-597.3 -244.4
239.9 -59.6
-756.2 -12.6
188.0 276.8
708.7 213.2
-690.5 27.6
497.6 -343.2
417.9 -552.4
505.6 74.4
329.5 -374.2
201.0 -159.0
-75.9 -110.6
-128.0 864.4
-59.6 315.6
-600.7 -264.8
-846.9 -5.6
196.7 -28.4
-219.6 -27.6
325.1 -340.0
743.9 81.8
-58.4 -872.2
-349.5 585.2
-542.3 -375.6
694.5 145.0
-561.2 330.0
-80.2 -545.0
-478.8 355.4
440.0 27.6
-320.9 -183.6
-687.7 -180.6
548.7 158.0
291.1 48.6
-444.6 418.4
790.0 207.8
-170.3 -798.8
-366.5 -367.6
345.6 -328.4
270.6 -229.4
609.7 -314.0
-707.0 226.0
-286.9 316.0
-26.5 -701.2
193.6 182.2
361.9 170.2
-179.4 48.0
471.7 -233.8
482.3 154.4
-9.3 563.2
621.3 299.4
210.9 -142.6
-531.2 463.6
829.6 -84.8
114.2 -552.8
112.1 -797.0
-895.1 -26.2
566.4 365.8
-312.8 431.8
405.0 402.8
-729.7 8.4
88.1 -636.2
299.9 497.6
483.9 503.0
-221.7 -703.0
-717.6 -207.8
-36.0 -765.8
125.4 -843.4
355.4 -165.6
-814.3 -131.8
21.4 14.6
120.5 -189.8
18.7 -388.8
-240.9 190.8
605.7 198.0
-236.4 60.0
72.2 -168.0
20.8 563.6
456.3 -309.8
-831.7 136.8
419.2 -304.2
474.4 -393.6
-575.6 3.4
396.5 285.6
-478.5 -4.8
-236.1 -446.2
-219.4 -679.2
-122.4 -384.2
-730.5 -38.0
-422.0 -187.2
-433.2 -300.0
570.3 -285.0
583.5 21.4
-680.6 -264.4
-471.4 47.4
655.2 -75.4
74.2 -730.0
895.9 13.0
-143.9 706.0
-139.3 -120.0
68.3 630.6
-38.5 497.6
-505.0 -340.4
-190.2 644.6
-745.1 -214.6
332.8 487.8
-375.0 321.2
-249.2 23.4
12.8 921.8
-515.9 -472.4
385.5 -489.2
-425.5 -572.4
-3.2 417.8
571.8 -350.2
-26.5 -901.0
-449.1 -183.0
475.6 335.4
177.5 633.8
225.7 -429.8
-602.5 387.0
44.6 222.8
-672.5 -230.4
-74.8 -668.8
56.0 -427.2
538.4 3.2
-394.9 526.4
-46.7 -369.8
-648.3 178.0
-257.0 636.2
-330.2 145.4
-318.1 -202.8
153.7 -106.0
-313.1 332.6
-892.3 -2.2
330.5 302.0
-395.9 590.8
103.4 -231.8
185.2 381.2
617.4 253.2
89.4 -394.8
67.4 771.2
-250.3 375.2
-568.3 -198.6
218.9 -226.0
496.0 -349.4
-41.8 -402.0
-173.6 -795.0
-562.6 112.2
34.4 484.6
-145.1 -178.4
-218.6 -497.8
596.3 -381.8
-228.8 -80.6
-46.6 -576.2
-357.3 638.0
-761.0 170.6
240.0 -233.6
668.4 -219.4
-629.3 173.8
-338.2 548.6
203.5 683.6
28.1 107.8
-163.5 -499.6
129.4 227.8
-690.8 81.2
253.2 -499.2
-392.2 -290.0
-34.0 -594.6
-564.8 168.2
-340.9 -120.4
-106.8 134.0
189.4 -326.0
894.7 -36.0
-754.7 226.0
176.6 -154.2
-279.7 -566.6
-854.6 -55.2
30.7 93.4
181.0 -65.4
-637.7 157.0
464.1 -310.0
-229.2 -484.6
439.6 -76.6
440.9 338.0
-491.3 187.8
-329.5 381.4
-456.6 187.8
-123.5 676.6
96.7 -522.0
-144.5 -328.4
-537.3 114.8
-126.9 463.4
-102.6 -547.4
-783.4 2.2
-182.6 -730.2
-300.9 -303.8
615.1 -202.2
575.2 320.4
391.2 413.6
224.2 509.8
-316.5 -136.6
251.8 -195.4
99.4 -898.6
-786.9 -103.6
-215.3 -336.6
-331.6 -226.0
631.2 -105.4
40.3 688.2
141.5 481.0
679.9 -297.6
274.0 101.4
592.3 -86.2
-73.5 917.4
567.1 185.6
464.7 -455.2
698.1 -288.4
335.8 107.2
728.5 -116.6
222.9 -261.4
-99.1 851.0
109.0 -405.2
-108.8 -52.8
429.8 -135.6
-97.8 -86.0
141.9 -23.4
-702.7 -277.2
924.9 63.6
-276.4 516.6
-526.8 11.6
391.1 -164.2
103.1 -880.6
330.6 32.2
149.3 89.2
-255.0 569.0
52.2 737.0
232.5 266.6
5.2 -712.6
-246.3 -623.6
209.0 -210.6
-66.0 694.2
21.2 -33.0
-452.1 -69.0
56.4 -249.8
190.5 -281.4
-9.2 -206.8
-426.8 -236.6
-76.8 252.0
700.8 -222.4
-103.8 559.6
768.1 -7.4
300.5 674.6
389.6 563.0
-209.0 258.0
-0.9 -194.8
145.0 676.0
315.4 338.4
524.5 87.2
-724.6 197.0
-816.8 -35.6
212.6 -355.6
-53.1 735.4
277.6 521.2
212.8 250.8
-167.3 103.6
310.3 -474.2
187.2 713.2
-6.8 -135.8
334.4 -561.0
607.9 -354.4
555.6 -433.8
36.2 589.6
-219.5 -392.2
316.5 -192.4
-234.9 -442.0
63.5 -409.4
-202.5 100.4
545.0 426.0
55.2 11.0
-30.4 509.2
-507.9 -433.0
76.2 -872.6
158.8 -378.8
-361.5 -361.8
84.9 875.4
13.1 -773.4
893.0 -66.6
305.7 508.8
-182.4 -286.6
-418.2 558.2
66.3 -195.2
448.6 -437.6
272.7 -615.4
73.6 564.4
-671.9 27.8
412.0 172.6
177.5 199.0
723.6 -159.8
-375.7 -281.8
-440.6 -261.2
-40.1 -333.8
-501.7 -169.0
617.6 -32.4
-521.7 -75.2
266.7 565.2
147.0 -26.2
-3.5 -15.8
-138.5 293.2
41.2 588.0
-210.9 -768.0
275.9 -303.8
-665.8 112.0
-373.9 -271.8
148.3 418.2
-34.4 350.8
-88.0 -734.2
-116.1 88.8
200.9 -424.8
192.7 329.0
166.1 701.4
-775.5 -173.4
120.2 477.8
63.8 181.2
348.2 101.8
523.3 -56.8
570.7 110.0
-13.9 875.0
3.2 -899.0
764.0 192.8
-265.8 -29.8
33.3 -149.4
63.5 129.4
289.1 535.8
-729.1 -94.6
142.1 -314.4
-841.8 -36.4
720.8 -271.0
499.5 446.6
-220.6 -434.2
7.6 769.0
-604.2 27.2
-243.7 238.8
-54.9 -231.0
352.0 -182.8
-415.8 -359.6
-367.1 -571.4
-627.6 82.6
-197.2 -294.6
297.0 634.6
620.1 117.0
-231.0 -510.2
31.9 280.8
512.6 5.0
60.5 729.0
76.5 827.2
277.6 291.0
-668.5 -177.8
-349.9 524.8
730.3 108.8
-481.5 -188.0
-177.2 398.8
-75.6 -593.4
611.1 -207.6
108.0 235.2
-502.9 -94.8
-453.6 -431.4
485.9 9.8
129.5 -73.8
-565.7 -288.4
94.5 -116.0
268.6 658.2
-319.3 675.6
299.9 -305.2
-226.4 677.4
100.7 53.2
-704.6 -36.0
13.7 -11.6
-60.0 302.2
-212.5 556.4
-383.6 209.2
-62.1 853.2
-229.9 430.0
-544.1 341.0
-509.3 18.4
219.4 715.0
-62.9 -129.4
355.2 12.8
-15.4 -193.6
118.3 -79.6
-422.4 -247.4
-459.4 54.4
-146.7 -342.8
127.6 33.6
-479.1 140.8
6.6 116.8
-619.0 -254.2
35.6 740.0
-198.7 -88.8
429.5 468.8
29.6 206.4
-533.3 -258.6
398.0 301.6
-63.4 872.4
-182.9 496.4
403.6 -274.0
37.1 -758.6
112.2 -492.4
-482.8 131.2
119.5 -693.4
30.2 841.2
-48.5 810.2
528.7 -146.0
-114.2 -871.6
-350.8 -442.6
164.9 -71.4
-11.1 939.2
-280.2 -270.6
-225.5 423.6
704.3 282.0
18.1 -47.6
-411.7 585.4
-142.9 -273.8
735.6 174.0
413.6 87.4
153.9 -671.2
56.8 -847.6
32.8 -71.8
579.6 66.0
-537.2 242.6
-745.3 -232.6
-634.0 -365.4
-124.7 -218.4
9.1 -348.2
-383.9 -255.6
566.8 -145.4
164.3 28.6
838.7 -8.6
368.6 -30.6
-314.4 588.6
246.5 355.8
-80.3 -67.8
84.1 -276.8
415.2 -429.8
-69.2 -822.4
470.0 312.0
-586.2 -35.8
365.9 -480.0
-573.0 268.6
-56.7 -64.8
-67.8 135.0
595.5 166.4
-342.2 489.4
488.5 -94.8
-287.3 -604.4
-414.0 485.8
742.2 249.4
-888.5 -43.8
-89.3 -820.0
673.1 -143.6
-642.8 37.6
-227.7 205.8
249.4 -345.0
135.0 -629.0
-249.8 -364.4
-33.9 743.0
-339.9 -598.4
-815.6 92.2
-318.2 602.8
383.7 -181.2
-517.0 267.8
308.7 -208.6
181.6 -243.4
-203.4 38.8
0.2 495.8
618.7 -344.2
-809.3 -47.2
-73.8 723.0
-424.5 221.6
-161.3 451.0
-250.5 -143.6
-894.1 -8.4
-630.8 16.4
798.0 102.0
-2.8 -752.0
116.1 -419.2
-69.6 -531.0
253.6 158.2
210.6 185.0
345.6 426.2
-202.8 -689.2
-333.4 91.2
-143.8 201.2
931.9 45.6
-612.0 -214.2
-87.9 -167.8
-424.9 -232.2
-243.9 506.2
248.0 -175.0
-364.2 295.2
673.9 175.2
-620.0 -3.0
52.1 -178.8
484.7 34.6
-142.0 -518.4
931.4 -49.8
-41.8 -688.2
-611.5 -21.2
-339.6 422.0
-381.6 26.6
-469.3 447.2
-564.3 -60.2
416.6 385.6
610.4 -177.6
-291.1 432.0
-252.8 15.2
-185.0 73.8
-451.4 432.4
179.7 82.0
755.5 -143.2
107.3 -179.2
437.3 -236.4
464.6 425.2
200.1 742.8
504.7 -185.8
428.6 361.8
108.7 -826.8
-477.4 320.2
-542.9 -240.2
282.5 78.2
-91.5 236.4
540.3 292.4
-765.0 26.8
656.9 267.4
-223.5 -311.0
46.3 -290.4
660.1 212.2
-316.9 -24.8
-69.1 -527.0
-647.0 265.0
-19.0 384.2
242.6 476.2
-530.8 21.4
115.6 353.0
417.8 191.2
-198.6 172.6
249.2 -81.0
-25.1 697.4
225.9 211.0
806.0 48.0
408.5 -147.4
182.9 -95.2
-172.3 -38.4
159.2 716.0
-520.3 170.6
-338.1 -117.4
482.9 16.8
169.5 -348.2
352.0 259.8
-54.6 -862.8
450.4 89.0
-1.1 -89.2
-382.0 -420.2
-16.9 953.8
-638.7 -335.8
78.6 -222.2
199.1 618.2
-364.0 390.6
-484.8 277.8
-255.4 -389.0
-25.7 431.8
-639.0 74.6
-462.5 -517.8
-604.9 -151.8
105.8 -498.0
-178.1 -725.2
-144.4 133.2
-70.0 -681.2
220.9 -186.6
-749.7 -20.4
316.8 356.0
-807.0 153.0
-786.0 -141.4
631.3 127.6
-100.3 -634.2
-787.4 196.0
-246.0 536.8
400.2 -301.8
638.2 -255.0
-246.4 -177.6
63.2 922.6
227.9 190.4
-638.6 3.2
137.4 -482.6
-324.9 103.0
153.8 680.2
-575.5 -189.4
-448.4 99.8
-109.8 -766.0
-273.6 436.8
415.0 426.4
-149.1 534.0
264.5 423.2
760.8 -61.6
-231.1 -147.2
-170.6 646.2
-274.6 -350.2
-33.3 -937.8
-326.3 -414.2
485.1 -370.2
616.9 283.0
191.2 -351.6
-141.6 -374.0
639.1 -161.4
68.2 -714.6
266.9 335.2
-305.6 -380.0
-312.9 -263.4
-24.8 830.0
49.3 723.8
-527.8 -157.4
192.4 121.0
447.7 -267.4
-563.9 -322.4
-721.7 -221.8
-0.9 948.4
-131.7 321.4
156.6 818.8
115.3 713.6
211.0 -150.2
-7.1 262.2
891.9 37.0
441.4 287.6
424.8 -187.2
-425.7 186.0
-60.1 -147.2
-667.5 -35.0
254.4 143.2
615.3 94.4
-58.1 -55.0
-0.3 898.8
-393.2 185.6
120.8 539.0
-548.6 296.8
-262.2 537.8
-388.6 -599.6
70.5 -599.4
-176.1 -431.4
658.7 -157.8
359.6 631.4
731.9 3.8
125.3 -33.4
-215.8 206.2
-676.3 -230.6
191.6 265.0
144.7 733.0
583.4 307.4
941.2 -35.0
-130.8 -488.2
-121.3 -783.2
-107.5 -90.8
-80.6 -348.8
76.7 -858.0
128.1 -127.8
-335.7 247.6
-1.1 654.0
55.4 579.4
349.0 227.4
662.8 -74.6
-707.2 -183.0
-322.2 266.8
177.9 -281.8
251.4 145.0
-466.2 17.2
130.1 -91.0
-221.8 -374.6
451.9 -212.2
-506.2 -81.0
774.8 -146.2
-516.6 302.8
-51.3 -166.0
177.3 483.0
373.6 -162.8
-419.7 290.0
162.2 -228.2
793.7 100.4
-449.1 -482.4
-350.5 117.2
-109.6 140.2
324.5 -452.0
-84.9 -701.4
475.9 -228.4
261.3 233.2
396.2 414.2
-378.5 -578.4
227.2 703.0
-122.9 187.0
-14.1 210.2
-451.8 -261.8
-603.3 323.0
44.6 660.6
-10.2 -606.0
436.5 491.6
49.8 264.8
430.7 -66.0
-35.6 -402.0
361.0 113.8
206.8 -453.8
372.2 -575.2
324.2 522.0
560.5 148.4
-309.8 -436.8
-620.1 -102.4
422.8 402.2
223.4 752.4
-522.4 -451.6
52.7 -705.4
185.9 -508.4
-641.5 -307.0
117.4 470.4
-796.3 -49.4
-215.0 672.0
-421.5 -141.0
145.0 -67.8
86.9 -242.8
414.0 -229.2
-549.0 346.0
-146.2 712.4
55.0 286.0
81.3 30.6
-755.7 -116.8
376.1 -260.0
-367.5 85.4
-0.4 -621.0
-175.3 -374.0
353.0 470.4
-513.6 -328.0
223.9 -500.4
-146.6 821.8
127.5 234.0
182.1 626.2
305.0 347.2
505.5 -0.4
-46.9 -936.0
-272.8 -505.4
547.8 419.8
367.0 -181.4
396.9 -352.2
-331.1 -179.4
44.5 -65.8
207.4 768.4
-374.4 -106.6
867.7 -46.2
554.9 324.6
-71.5 78.0
556.3 -236.4
163.1 736.6
158.1 -129.6
-658.3 -92.2
-251.4 249.0
-6.4 280.0
-427.5 420.6
-189.3 641.0
230.4 33.2
-610.8 -316.4
201.0 -324.2
545.8 147.4
101.6 -399.0
568.3 57.0
159.1 351.2
-457.7 -422.0
-761.7 -201.0
-50.7 -516.0
-174.9 -481.0
-115.9 -7.6
819.9 -164.2
-859.3 -64.4
-400.0 538.2
30.0 504.4
309.7 322.6
-97.2 -785.2
-21.2 284.4
-180.5 603.8
190.7 167.8
579.5 43.4
-873.7 105.8
-55.6 693.6
-107.6 840.2
40.1 -83.4
-817.6 -82.0
-453.3 301.8
440.3 -510.0
83.3 -581.0
-366.8 538.8
804.3 30.4
-173.8 639.0
-81.9 -274.0
21.0 709.2
98.7 214.0
-275.0 -545.2
-537.8 33.2
-99.5 507.4
-184.5 591.6
175.6 158.4
-318.2 332.2
186.5 -809.4
-359.0 -6.0
-79.1 266.8
-150.8 -10.2
-188.5 -556.6
-16.8 499.0
-59.3 -78.4
492.2 361.6
51.0 -281.0
182.6 787.0
-176.8 -642.6
-35.7 -639.8
-42.6 268.8
-290.3 -281.8
-604.6 -63.4
-180.6 -382.8
-281.7 -655.6
-554.2 -308.8
54.5 -696.8
171.9 -455.6
98.5 427.8
-674.2 -161.6
-842.7 38.8
-112.2 460.2
-466.1 282.0
-139.1 -479.0
-465.1 -30.0
-266.0 225.0
816.6 77.6
898.8 -98.8
324.6 -184.2
320.8 -23.6
-240.6 423.2
-186.8 -675.6
266.7 446.0
344.6 -380.6
642.9 217.0
156.5 314.4
-707.6 118.2
-896.5 -68.4
327.1 302.6
-164.5 108.2
809.3 -183.0
-520.9 -128.0
-173.1 623.2
-634.1 259.6
-505.9 489.2
173.7 -251.8
-140.2 24.8
766.3 190.4
132.9 653.6
-175.6 -135.8
-151.6 -102.8
-262.7 8.8
297.4 -636.4
60.7 -283.0
320.4 300.8
454.6 388.0
-152.3 -742.0
514.2 9.4
131.2 112.8
667.1 -163.4
-238.1 -381.6
-116.6 -827.6
-24.4 -389.4
-570.8 163.6
587.6 369.4
-442.2 517.2
201.2 -144.8
-876.6 -53.2
718.1 -227.4
157.6 -423.8
-831.6 65.2
196.0 -668.4
154.9 -799.8
-610.2 306.4
-444.3 -83.0
-15.1 410.0
415.3 559.4
-50.3 275.6
222.2 257.8
-528.6 295.6
647.5 -194.4
147.2 -457.6
461.1 8.8
-511.8 -211.6
-270.6 -571.2
-666.9 170.4
-75.7 -91.8
370.6 25.8
-356.5 422.0
40.7 520.2
206.1 -263.8
-693.5 239.4
255.6 -286.8
-160.9 -279.4
106.6 -637.4
0
