6
0           10000000    10000000    64000       0           0
10000000    0           100000000   0           10000000    0
10000000    100000000   0           0           10000000000 10000000
64000       0           0           0           0           10000000
0           10000000    10000000000 0           0           100000000
0           0           10000000    10000000    100000000   0
2
3
0
5
0 14285714 25000000 16666667 100000000
14285714 0 50000000 33333333 0
25000000 50000000 0 20000000 0
16666667 33333333 20000000 0 100000000
100000000 0 0 100000000 0
1
0
100
0 478585 9709075 0 5317363 0 0 0 9807607 0 3056941 0 4261357 1578043 6570739 0 0 0 0 0 0 0 3126709 0 0 0 0 0 0 0 0 0 0 2929339 0 0 0 0 0 2640781 0 0 0 0 0 2880379 0 0 0 0 2604367 536113 0 0 0 0 0 0 0 0 2206261 8382259 3065815 0 0 0 0 0 0 0 0 0 0 7911019 0 0 0 0 0 5790133 0 7306363 0 4017475 0 0 0 0 0 0 0 0 0 0 8385931 3253087 657289 0 7081453 0
478585 0 0 3223405 7063399 4042261 0 0 0 0 0 0 0 0 0 0 0 5687317 0 0 1776637 0 0 161263 2328661 0 0 915553 0 0 0 0 0 713899 0 0 8915311 7052383 0 1424125 0 0 0 0 0 0 4541959 2143 0 4007071 0 3830509 4920481 0 4211479 6385303 0 0 72829 0 0 0 0 0 0 1010107 0 0 0 0 4526965 0 91189 0 0 0 0 0 0 0 0 0 0 0 5259223 0 0 0 0 5215159 0 0 0 0 0 0 0 0 5881015 0
9709075 0 0 1338139 0 0 4108357 0 0 0 9458461 0 0 0 0 0 4051135 471241 0 0 0 1406071 6981085 0 0 0 0 0 0 1916785 5782789000 0 0 0 0 0 437581 0 0 0 0 0 0 3697399 0 0 7962121 6991795 0 0 8020873 0 0 0 0 0 0 1317025 0 5341537 3004003 0 0 0 0 0 0 6707521 0 0 0 0 0 0 0 0 0 2468503 0 0 0 5380093 0 0 0 0 0 0 0 149941 0 4971889 0 0 0 0 9355951 0 0 0
0 3223405 1338139 0 0 6817069 0 0 0 0 0 0 9046585 8086357 0 0 0 9164089 0 0 6959359 0 0 0 0 0 1302949 0 2224009 5695579 0 5017483 0 0 0 0 0 7468237 3410983 0 0 0 0 0 6700789 0 0 7345837 8995789 0 0 0 0 0 4105603 7262299 0 4471579 1442485 0 1769905 0 1661887 4800835 4461481 0 4081429 0 0 0 0 0 0 0 0 0 0 0 0 9424495 0 0 0 1211149 0 0 0 2981971 0 0 0 0 0 5988421 0 0 0 0 5936707 0
5317363 7063399 0 0 0 0 0 0 4312765 2673523 0 0 0 0 0 0 1773271 423199 0 0 0 0 4153033 6148459 0 0 0 0 7308811000 0 0 0 0 0 0 0 0 0 0 0 0 1610785 0 4485349 0 3401497 3559699 2847025 0 0 7775767 0 0 0 3376711 0 0 2855593 0 7436413 0 0 0 4796551 0 0 0 0 0 6287383 0 0 0 0 0 2369665 0 4695571 5714857 0 0 0 0 0 0 8236603 8653069 1033669 4372435 0 0 0 0 0 0 0 0 0 0 0
0 4042261 0 6817069 0 0 4660075 0 0 0 0 0 9526393 0 0 0 0 212059 0 0 0 0 0 6333283 0 0 3973411 0 0 0 0 0 0 0 8905825 0 0 0 0 0 0 0 0 9056071 0 0 0 0 0 105877 9945613 2668627 0 6046561 1437895 0 0 4702609 0 0 3667411 6147235 9840961 0 3022669 0 5196799 0 0 0 0 0 0 0 4771459 0 1129753 0 4041955 7956307 2218501 0 0 0 0 0 0 4669561 0 1234405 0 5421097 0 0 0 7414381 0 0 0 4077451
0 0 4108357 0 0 4660075 0 0 0 2605591 0 0 0 0 0 1207783 0 4845817 0 0 0 7795657 0 0 0 0 0 0 0 0 0 9311887 0 1985635 0 0 0 5138353 0 0 0 0 0 5985973000 0 8371855 0 0 2236249 910657 0 0 0 0 9458767 0 0 0 7331455 7500673 877609 0 0 0 0 0 8803621 0 0 0 1200439 0 4242385 3611719 0 0 0 9649099 6480469 0 0 0 0 0 0 0 1321615 2344573 0 5284621 0 0 0 0 0 907597 0 0 0 0
0 0 0 0 0 0 0 0 850069 5921713 0 9550873000 0 0 0 0 0 0 0 0 0 0 0 0 0 0 1315495 0 1864153 0 0 0 3708721 3581119 0 591805 0 0 0 524485 0 0 0 6524533 0 2944639 4613869 0 615367 0 0 6856237 0 2355895 0 0 0 0 0 0 0 0 0 0 6605623 0 7455079 0 8683363 8933365 0 4174759 0 154837 0 0 0 0 0 8535565 0 0 0 0 0 0 0 0 0 0 0 0 4418335 6811255 4347649000 0 0 0 0 5906107
9807607 0 0 0 4312765 0 0 850069 0 0 0 0 0 0 0 0 4041037 0 5576545 0 0 0 0 0 0 4400281 0 9680617 0 8482321 0 3891709 0 8822287 0 0 0 6396931 0 0 0 0 0 0 0 0 0 0 0 0 0 1441261 0 0 0 0 124849 0 8238133 8979877 0 0 0 248473 0 111079 0 0 0 3130687 0 0 0 0 0 8399089 0 0 1197685000 0 0 3552661 0 901477 0 1954729 0 0 0 0 0 0 2761039 7031269 0 0 9314335 0 0 0
0 0 0 0 2673523 0 2605591 5921713 0 0 0 0 0 0 0 0 0 4096423 0 7069825000 0 0 0 7333597000 0 0 0 5130091 0 0 9411031 0 5971591 0 0 6298093 0 3214837 0 0 0 0 0 0 9775477 0 1521739 8086051 0 0 0 4664359 0 0 0 627913 0 0 539479 0 0 0 0 0 9664705000 0 0 3974635 0 0 0 0 0 0 8130727 0 0 0 0 7131025 0 3605905 1214515 0 238987000 7916833 0 0 3123649 0 0 0 0 1292545 0 2135269 0 2677501 0 0
3056941 0 9458461 0 0 0 0 0 0 0 0 0 5861431 0 0 8711515 0 0 5681503 0 0 0 0 0 0 5507083 3285523 5673853 0 7556977 1488385 0 2225233 0 0 0 0 9463051 0 0 0 0 0 0 0 694621 0 0 0 0 0 0 5640193 0 0 3889567 8162551 0 0 0 5592151 0 0 0 0 0 8137153 0 0 2134657 0 9266599 3613861 0 3922309 0 0 0 0 0 0 0 0 0 3873655 0 0 0 0 0 0 3251251 6551155 0 1147501 0 0 0 6591853 0
0 0 0 0 0 0 0 9550873000 0 0 0 0 1912501000 7921729 0 490519000 6836347 0 0 0 0 8309125 9658891 0 0 0 3863863 0 2963305 1862929 0 8821063 0 0 0 0 0 0 0 1485937 6437935 5749741 0 0 0 6203233 2707183 0 0 2586619 0 0 9372475 0 1208089 0 776017 5711185 0 0 0 0 346087 0 0 0 3605905 0 4412215 0 0 3127321 0 0 0 8415613 6182731 0 9813421 0 0 6819211 0 0 0 0 0 0 5491477 0 8490277 0 0 3350701 0 0 0 0 0 7050547
4261357 0 0 9046585 0 9526393 0 0 0 0 5861431 1912501000 0 6495157 0 0 1146583 0 0 1085689 0 0 0 3549601 0 1070389 0 0 0 8467939 4134367 0 0 3304495 0 0 0 0 0 0 0 0 0 2366299 0 0 6684877 0 0 9456931 0 0 0 0 7533109 0 0 0 0 0 0 0 0 0 0 0 0 0 6664987 0 3660373 0 0 0 3943729000 0 0 0 0 0 0 0 0 0 0 0 0 0 0 0 0 0 0 0 2795005 0 0 3031237 0 0
1578043 0 0 8086357 0 0 0 0 0 0 0 7921729 6495157 0 0 0 0 0 4895695 0 0 0 0 0 3610495 0 0 9806689 7310647 0 4365397 0 0 0 0 0 0 0 0 0 0 0 0 0 0 0 0 0 0 0 3575611 6361129 0 5877037 0 8336665 0 0 0 0 0 0 1017145 2095183 0 2836315 0 0 0 4145383 0 0 304471 0 2746351 0 0 8388991 0 0 0 0 0 0 9874927 0 9128593 0 0 0 0 0 0 0 0 0 0 0 0 0
6570739 0 0 0 0 0 0 0 0 0 0 0 0 0 0 2199529 0 964513 4670173 0 0 0 1364149 0 0 7421113 0 0 0 0 0 0 1830799 0 0 0 0 0 0 0 0 2350999 0 0 1661581 0 0 130051 0 0 0 8792605 0 1408213 0 0 0 7676011 0 0 6274531 1445239 7902757 0 0 0 0 1380979 0 8092477 0 4436083 0 9895735 0 0 0 0 0 0 1507357 0 4852855 2983807 5064913 0 0 0 0 0 0 0 0 9125533 0 7192225 0 0 0 0
0 0 0 0 0 0 1207783 0 0 0 8711515 490519000 0 0 2199529 0 0 9902773 0 0 6205987000 6442831 0 0 0 0 0 0 4444345 0 0 0 0 0 0 0 0 0 0 0 0 0 0 0 0 8698969 0 0 0 0 0 0 0 0 0 0 960841 0 0 1554175 0 0 0 0 4751875 1425961 6683959 0 0 0 0 7896943 3692503 7259545 0 9684289 0 3848257 4820725 2007055 0 5993011 0 0 0 1853137 0 4422925 0 0 0 0 0 0 4889881 8789851 3773899 3905173 0 0
0 0 4051135 0 1773271 0 0 0 4041037 0 0 6836347 1146583 0 0 0 0 0 5145697 0 7984765 0 0 0 0 0 0 0 3409147 0 0 0 0 0 9550567 0 0 0 9187345 0 0 0 0 0 0 0 0 0 0 0 0 0 0 0 0 0 0 5791969 0 3943423 5470057000 0 0 0 0 0 0 9068617 0 1232875 0 4738717 0 0 2158831 6588181 0 4604383 0 0 0 9515989 0 0 9195301 0 0 0 6220981 8123077 0 0 0 0 5694661 0 0 2295919 0 7380415
0 5687317 471241 9164089 423199 212059 4845817 0 0 4096423 0 0 0 0 964513 9902773 0 0 0 0 0 0 3683629 0 0 0 0 0 0 0 0 0 0 0 0 0 0 0 0 0 0 0 7627051 0 0 0 3219121 5416507 0 3352843 0 0 0 0 0 0 0 0 0 0 129439 0 5280949 0 0 0 0 0 3177505 8860231 5415895 6047173 0 3500029 0 0 0 0 8438563 0 0 0 0 7417747 2421379 2686375 0 0 0 0 1286425 0 0 0 0 0 2325601 8887465 0 0
0 0 0 0 0 0 0 0 5576545 0 5681503 0 0 4895695 4670173 0 5145697 0 0 0 0 0 884647 0 0 2365993 9879211 0 0 0 0 0 0 1578349 0 0 0 0 0 0 0 0 0 0 2897515 0 0 6586345 0 0 0 0 3074995 0 0 7564321 4495141 0 8590339 0 0 1224307 0 0 0 0 2336923 6515047 35191 7195285 0 0 0 0 0 0 0 0 0 0 0 0 0 9609013 9581779 5339701 6162535 0 0 0 0 0 0 463591 0 0 0 0 0 0
0 0 0 0 0 0 0 0 0 7069825000 0 0 1085689 0 0 0 0 0 0 0 0 0 0 8796277 0 0 997561 0 1827739 0 4078675 6422329 0 0 0 2649961 2714221 0 0 0 1564273 0 0 0 0 0 2493595 0 0 0 27541 0 0 0 0 0 0 0 0 5823793 0 0 5215771 0 0 0 0 0 0 0 0 0 0 0 0 2511649 9877681 0 0 0 0 0 0 0 4821643 0 0 2943415 0 9993349 0 0 7406731 0 0 0 4597651 0 0 0
0 1776637 0 6959359 0 0 0 0 0 0 0 0 0 0 0 6205987000 7984765 0 0 0 0 0 3668023 0 0 3863251 0 0 0 0 0 0 0 0 0 0 0 0 0 5190679 0 0 3274507 460531 0 0 0 0 0 0 0 0 0 0 8502823 0 3726775 0 0 0 8810353 0 1194319 0 0 878833 2638639 0 0 0 0 0 0 8334829 0 0 8039845 0 0 8581771 0 0 0 0 0 0 0 0 0 0 3349477 0 0 7695595 6024223 0 0 0 0 3290113
0 0 1406071 0 0 0 7795657 0 0 0 0 8309125 0 0 0 6442831 0 0 0 0 0 0 0 0 0 0 0 0 7020865 2579581000 0 0 0 0 0 0 0 0 0 0 0 6268105 4643245 0 3297457 0 0 0 0 6104395 6488119 0 0 3249109 0 0 0 0 7464871 3808171 0 0 0 0 0 0 0 0 0 9939493 0 0 0 0 0 4269925 3325915 0 0 8009857 0 0 1940959 913411 0 3035215 9084835 703801 1942489 2504611 0 0 306919 8911027 0 0 0 4362031 6014125 5015035000
3126709 0 6981085 0 4153033 0 0 0 0 0 0 9658891 0 0 1364149 0 0 3683629 884647 0 3668023 0 0 9260479 0 0 0 5567365 0 0 0 0 0 0 5344903 0 0 4783699 0 5564611 0 0 0 4422925 0 0 0 0 0 0 0 8864209 0 6277285 1755829 0 0 0 3392623 0 7863589 0 9107173 4252177 0 0 4392325 0 0 0 0 0 0 7250671 0 3276037 4599487 3514105 5967613 0 0 7631641 0 4422007 0 9947143 0 7484455 0 0 0 0 8344315 0 0 3686077 0 0 0 0
0 161263 0 0 6148459 6333283 0 0 0 7333597000 0 0 3549601 0 0 0 0 0 0 8796277 0 0 9260479 0 5867551 0 0 4198933 0 0 0 0 0 5170789 0 2914345 0 0 5589 9529147 0 0 0 3799909 0 0 9793225 1846405 2754001 0 0 2205037 0 0 0 0 0 0 0 0 0 5484745 0 5115709 0 0 0 4344895 0 0 0 0 0 0 0 0 0 0 7401835 6666823 0 0 0 0 9056377000 0 0 0 0 0 0 8968249 3421081 7019947000 0 0 0 0 0 9824743
0 2328661 0 0 0 0 0 0 0 0 0 0 0 3610495 0 0 0 0 0 0 0 0 0 5867551 0 0 0 1052029 0 0 5110813 0 0 0 0 0 8285563 0 0 0 0 0 0 0 0 2952901000 0 0 0 9198667 0 0 0 0 0 0 0 0 8233237000 1090279 0 0 0 9426331 0 0 0 0 0 0 0 0 0 9077491 0 0 0 9671131 0 654841 0 0 0 0 0 0 0 0 9582085 8535871 0 0 0 0 0 0 6648157 0 0 0
0 0 0 0 0 0 0 0 4400281 0 5507083 0 1070389 0 7421113 0 0 0 2365993 0 3863251 0 0 0 0 0 0 0 0 3184543 0 0 0 0 0 0 0 1111087 0 0 0 0 0 4175065 0 4398139 0 0 0 0 0 0 0 0 5406409 0 0 0 0 3780631 0 0 0 7817689 8482015 0 0 0 5659165 0 0 4295935 0 0 8184583 7289839 0 9959077 0 0 0 0 0 0 0 0 0 1503685 0 0 2985031 0 0 0 0 0 0 0 0 0
0 0 0 1302949 0 3973411 0 1315495 0 0 3285523 3863863 0 0 0 0 0 0 9879211 997561 0 0 0 0 0 0 0 0 0 0 0 0 0 0 5004325 0 1956259 0 0 0 0 0 0 1391077 0 0 0 0 0 0 0 6797791 6550849 0 0 0 7633477 0 0 0 0 4072555 75889 0 0 0 0 4298383 0 0 0 0 124237 0 0 0 7834213 0 0 0 0 1500013 0 0 0 3915271 0 0 0 0 0 3470041 0 9044749 4490857 0 2491147 0 0 0
0 915553 0 0 0 0 0 0 9680617 5130091 5673853 0 0 9806689 0 0 0 0 0 0 0 0 5567365 4198933 1052029 0 0 0 0 7819525 0 0 0 0 0 0 4731985 0 0 332011 0 0 9747325 0 0 0 0 0 0 0 0 0 0 0 0 0 3958723 6175999 0 0 0 0 0 1612315000 9184285 5193127 0 2541331 2761039 5048083 0 0 0 0 6359905 0 0 3253699 0 0 0 0 9571375 0 0 0 0 9633493 0 4125187 0 0 0 0 0 0 0 0 9940105000 0
0 0 0 2224009 7308811000 0 0 1864153 0 0 0 2963305 0 7310647 0 4444345 3409147 0 0 1827739 0 7020865 0 0 0 0 0 0 0 0 6277591 0 5769937 0 0 9250381 0 9250993 5052673 9947449000 4699243 3657925000 0 0 0 0 0 8776693 0 4537675 0 0 1836307 2084167 0 6000967 0 0 0 0 0 0 6956605 0 0 0 7683967 0 0 0 0 5117545 2509201000 0 0 8413777 2656999 0 0 0 0 0 0 1843651 0 0 0 662491 0 0 4276045000 0 0 0 8454169 0 0 0 1947997 0
0 0 1916785 5695579 0 0 0 0 8482321 0 7556977 1862929 8467939 0 0 0 0 0 0 0 0 2579581000 0 0 0 3184543 0 7819525 0 0 0 0 0 0 8491807 0 0 0 8182747 6064615 9621865 0 0 6978025 0 2780929 0 0 0 3506761 0 0 0 6544423 0 0 0 0 0 0 4312765 0 0 0 6571045 0 0 8031889 0 0 0 4691899 3457495 0 0 0 0 0 0 0 4276351 1638631 0 0 0 0 0 0 0 0 0 0 0 0 0 0 0 0 0 1238383
0 0 5782789000 0 0 0 0 0 0 9411031 1488385 0 4134367 4365397 0 0 0 0 0 4078675 0 0 0 0 5110813 0 0 0 6277591 0 0 0 6262597 0 0 0 0 0 0 0 0 0 0 0 0 0 0 4005235 0 0 0 0 2359261 0 0 8859007 0 0 9037099 0 0 8830243 0 0 0 0 0 6161005 0 9840349 0 0 8560045 0 0 0 1838755 0 5114179 0 4839697000 0 0 0 0 0 1171369 6495157 0 0 6858991 8609617 6031567000 0 0 0 0 0 9996715 0
0 0 0 5017483 0 0 9311887 0 3891709 0 0 8821063 0 0 0 0 0 0 0 6422329 0 0 0 0 0 0 0 0 0 0 0 0 0 7600429 6598891 0 9923275 0 0 0 0 0 0 0 1582327 0 8452027 0 0 0 0 0 0 0 9552403 0 0 0 270199 0 0 0 0 0 0 0 0 0 0 0 4339081 7806673 0 0 0 0 0 0 0 0 0 0 0 0 0 0 2132209000 0 0 0 5235661000 0 0 0 0 1586611 0 0 0 0
0 0 0 0 0 0 0 3708721 0 5971591 2225233 0 0 0 1830799 0 0 0 0 0 0 0 0 0 0 0 0 0 5769937 0 6262597 0 0 0 0 0 9747019 0 0 0 1642609 0 0 0 0 0 0 0 0 0 2792863 0 0 0 0 0 0 217567 0 0 0 0 0 5422321 9814951 0 0 0 0 3893851 9348607 0 0 0 0 0 0 0 7211809 4323169 8842483 0 0 6304519 0 0 0 0 0 0 0 3484117 0 0 0 0 0 0 0 0
2929339 713899 0 0 0 0 1985635 3581119 8822287 0 0 0 3304495 0 0 0 0 0 1578349 0 0 0 0 5170789 0 0 0 0 0 0 0 7600429 0 0 0 0 0 0 0 0 0 0 1354051 0 721243 7860529000 0 4938229 0 0 0 0 9309133 0 8138377 0 0 9244873 0 0 9761401 0 0 8392357 5170483 0 6697423 0 0 0 0 0 0 0 5282785000 1497259000 0 0 0 0 0 0 7913161 0 0 0 0 0 0 0 0 0 0 0 0 0 0 0 2281537 0
0 0 0 0 0 8905825 0 0 0 0 0 0 0 0 0 0 9550567 0 0 0 0 0 5344903 0 0 0 5004325 0 0 8491807 0 6598891 0 0 0 0 0 0 0 0 0 3937303 0 0 0 1514089 0 0 0 0 0 0 0 0 9689491 0 0 6662539 0 9369415 7746697 0 0 0 0 0 0 0 0 0 1188505 0 0 0 0 0 0 0 0 0 7985989 9000991 0 7517809 0 0 0 8014753 9741511 0 6610213 0 0 0 0 0 9635023 0 0 0
0 0 0 0 0 0 0 591805 0 6298093 0 0 0 0 0 0 0 0 0 2649961 0 0 0 2914345 0 0 0 0 9250381 0 0 0 0 0 0 0 5341537 0 0 6790141 0 0 0 0 0 0 0 0 0 0 6725269 0 0 0 0 0 0 0 0 0 0 0 8974369 0 0 0 0 0 2115379 0 0 0 0 0 0 0 0 0 4490551 0 0 0 0 0 0 0 23031 0 7453855 4852855 2199223 0 0 0 0 0 8643583 0 0 0
0 8915311 437581 0 0 0 0 0 0 0 0 0 0 0 0 0 0 0 0 2714221 0 0 0 0 8285563 0 1956259 4731985 0 0 0 9923275 9747019 0 0 5341537 0 0 6372451 0 0 0 0 7753735 0 4213927 0 0 0 0 6288913 0 696457 0 650863 5970061 2670463 0 0 0 8855641 0 0 0 0 9487000 9015067 0 0 1742977 0 0 0 0 0 0 0 0 3666799 0 0 0 0 0 0 252145 0 2067337000 0 0 0 0 0 7929073 0 0 7297183 0 0 0
0 7052383 0 7468237 0 0 5138353 0 6396931 3214837 9463051 0 0 0 0 0 0 0 0 0 0 0 4783699 0 0 1111087 0 0 9250993 0 0 0 0 0 0 0 0 0 5868775 0 0 9045973 2762875 1572535 0 0 0 0 7611139 0 1286425 0 2087227 0 9622783 0 7657039 2964223 234703000 0 643825 0 3719125000 8633485 3685771 0 5044105 0 9856567 7491187 0 0 4945573 0 0 0 0 0 7969771 9298729 0 0 5300839 0 0 0 0 0 0 0 0 0 3958111 0 8846155 0 0 0 0 7865425
0 0 0 3410983 0 0 0 0 0 0 0 0 0 0 0 0 9187345 0 0 0 0 0 0 5589 0 0 0 0 5052673 8182747 0 0 0 0 0 0 6372451 5868775 0 1076509 0 0 0 0 0 2976769 7135309 0 618121 0 7932133 0 0 0 0 0 1288873 0 0 0 0 0 7837885 0 5119381 0 8609617000 0 9645733 4209643000 0 0 0 0 0 0 9317701 0 0 0 0 0 0 3599173 6831757 0 0 0 0 0 0 3560005 0 0 1330795 5631625 0 9506503 0 0
2640781 1424125 0 0 0 0 0 524485 0 0 0 1485937 0 0 0 0 0 0 0 0 5190679 0 5564611 9529147 0 0 0 332011 9947449000 6064615 0 0 0 0 0 6790141 0 0 1076509 0 0 0 0 0 0 401473 0 0 0 0 0 0 5371525 0 0 0 0 8763535 0 8396947 4311235 0 0 0 3185767 0 839053000 0 0 0 0 0 7037083 3454435 0 3707803 0 0 0 0 0 0 547435 0 1903321 0 0 0 7481395 5377645 0 2063359 3455965 0 0 0 3634669 0 0 4254931
0 0 0 0 0 0 0 0 0 0 0 6437935 0 0 0 0 0 0 0 1564273 0 0 0 0 0 0 0 0 4699243 9621865 0 0 1642609 0 0 0 0 0 0 0 0 0 0 9324127 6637447 7135921000 0 4354075 0 0 7234759 8615431 3753 3867841 0 8843707 0 0 0 0 0 0 0 0 699517 0 0 0 0 0 0 0 5847355 0 1290097 0 0 0 0 0 0 8300863 0 0 6375817 0 3159451 9829639 0 0 0 0 0 0 5229235 0 0 8113897 0 0
0 0 0 0 1610785 0 0 0 0 0 0 5749741 0 0 2350999 0 0 0 0 0 0 6268105 0 0 0 0 0 0 3657925000 0 0 0 0 0 3937303 0 0 9045973 0 0 0 0 0 0 0 0 7681213 0 0 0 0 0 0 5928751 0 0 0 257041 0 0 0 4287367000 0 0 0 0 0 0 0 0 6669271 0 6960277 5587867 0 0 5606533 0 623323000 0 0 6098887 0 0 8051167 0 0 0 0 0 9313417 0 0 832321000 4424455 0 0 0 0 0
0 0 0 0 0 0 0 0 0 0 0 0 0 0 0 0 0 7627051 0 0 3274507 4643245 0 0 0 0 0 9747325 0 0 0 0 0 1354051 0 0 0 2762875 0 0 0 0 0 5041963 0 0 0 0 4867237 0 0 0 0 2009503 0 4094587 0 0 0 0 5250349 0 0 0 6615109 0 0 4271455 3734731 0 5101633 3987793 0 0 0 0 0 1565191 0 2790721 0 0 0 4881925 0 0 0 0 0 0 0 0 0 0 0 0 0 0 7353181 1777555
0 0 3697399 0 4485349 9056071 5985973000 6524533 0 0 0 0 2366299 0 0 0 0 0 0 0 460531 0 4422925 3799909 0 4175065 1391077 0 0 6978025 0 0 0 0 0 0 7753735 1572535 0 0 9324127 0 5041963 0 9907669 0 0 0 0 7342471 0 0 0 0 0 4925683 0 0 7805755 6652747 0 5555431 0 0 5417731 847315 0 0 5042575 886789 2540107 0 0 7507405 0 9831781 0 0 0 0 0 2924749 0 0 0 0 0 0 0 8907661 930547 0 0 7796269 9671437 0 0 7566157 0 0
0 0 0 6700789 0 0 0 0 0 9775477 0 0 0 0 1661581 0 0 0 2897515 0 0 3297457 0 0 0 0 0 0 0 0 0 1582327 0 721243 0 0 0 0 0 0 6637447 0 0 9907669 0 1470943 141985 0 0 1809685 0 0 8444071 0 3860803 0 6176611 3201679 206551 0 0 0 0 1858033 5049307 0 0 0 0 0 0 3609577 0 0 0 6772393 0 0 0 4367233 0 0 0 0 0 0 0 0 2082943 0 2068561 0 0 0 0 2000323 0 0 623935 1889857
2880379 0 0 0 3401497 0 8371855 2944639 0 0 694621 6203233 0 0 0 8698969 0 0 0 0 0 0 0 0 2952901000 4398139 0 0 0 2780929 0 0 0 7860529000 1514089 0 4213927 0 2976769 401473 7135921000 0 0 0 1470943 0 6832675 0 0 0 5095207 0 0 0 0 0 0 0 2604061 0 0 0 0 1774801 0 0 0 0 0 0 0 0 0 0 9138691 0 0 0 0 0 0 0 0 4980457 0 0 0 7761079 2446165 0 0 0 0 0 0 0 0 0 2618749 0
0 4541959 7962121 0 3559699 0 0 4613869 0 1521739 0 2707183 6684877 0 0 0 0 3219121 0 2493595 0 0 0 9793225 0 0 0 0 0 0 0 8452027 0 0 0 0 0 0 7135309 0 0 7681213 0 0 141985 6832675 0 0 0 6379489 0 0 0 4339387 0 5301451 0 0 0 5147533 0 4241161 0 0 0 1869049 0 4891717 0 0 0 0 7981705 0 6207517 0 0 0 0 0 0 0 0 0 0 0 0 0 3582037 3064897 0 0 9097993 0 0 1943407 0 0 5586949 0
0 2143 6991795 7345837 2847025 0 0 0 0 8086051 0 0 0 0 130051 0 0 5416507 6586345 0 0 0 0 1846405 0 0 0 0 8776693 0 4005235 0 0 4938229 0 0 0 0 0 0 4354075 0 0 0 0 0 0 0 0 8094007 0 0 0 0 0 0 3822553 0 0 7267501 0 0 0 0 0 7530355 0 0 0 6659785 0 0 1231651 0 6485365 0 0 0 0 0 0 0 0 8155819 0 0 0 0 0 7402447 9149707 0 0 0 5381623 0 0 3591217 0 0
0 0 0 8995789 0 0 2236249 615367 0 0 0 0 0 0 0 0 0 0 0 0 0 0 0 2754001 0 0 0 0 0 0 0 0 0 0 0 0 0 7611139 618121 0 0 0 4867237 0 0 0 0 0 0 0 0 7035553 0 0 0 0 5099491 0 0 0 0 0 0 0 0 0 3959335 0 0 0 0 0 0 0 229195 0 0 0 0 0 9976519 4169251 0 1861705 0 7057585 8950501 0 0 0 5397841 0 0 0 4793185 0 0 0 1090585 0
0 4007071 0 0 0 105877 910657 0 0 0 0 2586619 9456931 0 0 0 0 3352843 0 0 0 6104395 0 0 9198667 0 0 0 4537675 3506761 0 0 0 0 0 0 0 0 0 0 0 0 0 7342471 1809685 0 6379489 8094007 0 0 1394443 6867559 0 0 0 4802671 0 0 7974973 0 0 3045313 0 0 9825661 0 0 1566109 0 0 0 0 0 1320391 0 0 0 0 0 0 8176321 0 1983493 0 0 0 8118487 0 9681841 6373675 0 0 2764711 0 0 1165249 0 1573147 0 0
2604367 0 8020873 0 7775767 9945613 0 0 0 0 0 0 0 3575611 0 0 0 0 0 27541 0 6488119 0 0 0 0 0 0 0 0 0 0 2792863 0 0 6725269 6288913 1286425 7932133 0 7234759 0 0 0 0 5095207 0 0 0 1394443 0 0 0 0 0 0 0 0 0 0 0 6581143 0 630361 0 0 0 0 4659463 2282149 2686375 0 1712989 0 6499135 0 0 7339105 0 0 0 0 0 5321341 0 0 0 9955711 0 0 0 0 0 0 0 9281593000 4959037 0 0 0
536113 3830509 0 0 0 2668627 0 6856237 1441261 4664359 0 0 0 6361129 8792605 0 0 0 0 0 0 0 8864209 2205037 0 0 6797791 0 0 0 0 0 0 0 0 0 0 0 0 0 8615431 0 0 0 0 0 0 0 7035553 6867559 0 0 1823149 0 9133489 0 0 0 0 0 7517503 0 7463953 7588495 828955 0 0 0 3712699000 0 0 0 0 0 0 0 5191903 0 0 0 0 9272719 9374311 0 0 0 0 4669255 3441277 0 0 0 0 0 460531 0 6048397 0 0 19585
0 4920481 0 0 0 0 0 0 0 0 5640193 9372475 0 0 0 0 0 0 3074995 0 0 0 0 0 0 0 6550849 0 1836307 0 2359261 0 0 9309133 0 0 696457 2087227 0 5371525 3753 0 0 0 8444071 0 0 0 0 0 0 1823149 0 6276061 0 2130067 0 0 0 0 0 0 0 6141115 0 0 0 0 9776395 2537353 328339 0 2091205 6220981000 0 0 0 0 312427 0 7796575 0 6445279 0 0 8890525 5449861 0 0 0 0 9721927 0 0 4670479 0 0 1639243 0 0
0 0 0 0 0 6046561 0 2355895 0 0 0 0 0 5877037 1408213 0 0 0 0 0 0 3249109 6277285 0 0 0 0 0 2084167 6544423 0 0 0 0 0 0 0 0 0 0 3867841 5928751 2009503 0 0 0 4339387 0 0 0 0 0 6276061 0 0 8500069 0 0 0 0 0 0 0 0 0 0 0 9736309 0 0 2250937 0 0 0 0 7294735 0 6206905 3733507 0 0 0 0 54469 0 0 0 0 3828061 6985675000 9084529 0 0 0 0 0 0 0 0 0
0 4211479 0 4105603 3376711 1437895 9458767 0 0 0 0 1208089 7533109 0 0 0 0 0 0 0 8502823 0 1755829 0 0 5406409 0 0 0 0 0 9552403 0 8138377 9689491 0 650863 9622783 0 0 0 0 0 0 3860803 0 0 0 0 0 0 9133489 0 0 0 0 0 0 0 0 0 2978911 0 0 0 0 0 8731711 0 0 0 0 0 0 0 0 2042551 0 0 0 19971 0 2566729 6769333 0 0 0 9592183 0 210529 9567397 8253433 0 4403953 0 0 745417 0 0 0
0 6385303 0 7262299 0 0 0 0 0 627913 3889567 0 0 8336665 0 0 0 0 7564321 0 0 0 0 0 0 0 0 0 6000967 0 8859007 0 0 0 0 0 5970061 0 0 0 8843707 0 4094587 4925683 0 0 5301451 0 0 4802671 0 0 2130067 8500069 0 0 0 0 0 0 0 0 0 0 0 0 0 5718529 9382879 0 0 0 0 0 6028201 0 0 0 0 0 0 0 1709011 0 0 0 0 0 4255237 0 0 0 0 0 0 0 0 0 7881337 0
0 0 0 0 0 0 0 0 124849 0 8162551 776017 0 0 0 960841 0 0 4495141 0 3726775 0 0 0 0 0 7633477 3958723 0 0 0 0 0 0 0 0 2670463 7657039 1288873 0 0 0 0 0 6176611 0 0 3822553 5099491 0 0 0 0 0 0 0 0 7856551 0 8571979 0 853435 0 0 7881031 5545333 0 0 0 0 7544737 0 5577463 0 0 5372749 0 0 0 0 6898159 0 329257000 0 0 0 0 0 0 0 9553015 0 1876087 0 0 0 4913749 0 0 0
0 0 1317025 4471579 2855593 4702609 0 0 0 0 0 5711185 0 0 7676011 0 5791969 0 0 0 0 0 0 0 0 0 0 6175999 0 0 0 0 217567 9244873 6662539 0 0 2964223 0 8763535 0 257041 0 0 3201679 0 0 0 0 0 0 0 0 0 0 0 7856551 0 741745 0 4510135 0 0 0 0 0 0 0 3228913 6724045 0 8925103 1054171 0 0 0 0 9179083 0 0 0 0 8425711 0 0 4399669 0 0 0 0 0 9747937 1976761 3639871 0 0 5826853 1305 0 5552371
0 72829 0 1442485 0 0 7331455 0 8238133 539479 0 0 0 0 0 0 0 0 8590339 0 0 7464871 3392623 0 8233237000 0 0 0 0 0 9037099 270199 0 0 0 0 0 234703000 0 0 0 0 0 7805755 206551 2604061 0 0 0 7974973 0 0 0 0 0 0 0 741745 0 9544141 3933937 0 0 8121853 0 0 0 0 0 0 0 0 4131001 0 0 9681841 0 0 6232609 4369375 0 7636231 0 0 0 7316461 7332067 3074383 0 8581159 0 0 0 0 0 8690401 0 0 0 0
0 0 5341537 0 7436413 0 7500673 0 8979877 0 0 0 0 0 0 1554175 3943423 0 0 5823793 0 3808171 0 0 1090279 3780631 0 0 0 0 0 0 0 0 9369415 0 0 0 0 8396947 0 0 0 6652747 0 0 5147533 7267501 0 0 0 0 0 0 0 0 8571979 0 9544141 0 0 0 0 6648769 0 0 0 0 0 0 0 9584839 0 0 0 457471 0 0 0 0 0 0 0 0 1720027 0 0 0 4261969 3789505 0 0 0 0 0 0 0 0 0 0
2206261 0 3004003 1769905 0 3667411 877609 0 0 0 5592151 0 0 0 6274531 0 5470057000 129439 0 0 8810353 0 7863589 0 0 0 0 0 0 4312765 0 0 0 9761401 7746697 0 8855641 643825 0 4311235 0 0 5250349 0 0 0 0 0 0 0 0 7517503 0 0 0 0 0 4510135 3933937 0 0 0 0 0 0 0 0 0 2621503 0 3300211 0 0 0 0 848845 0 5740255 0 4515337 0 0 3617533000 0 0 0 0 9120331 6247603 0 0 0 0 0 0 0 0 0 0 0
8382259 0 0 0 0 6147235 0 0 0 0 0 0 0 0 1445239 0 0 0 1224307 0 0 0 0 5484745 0 0 4072555 0 0 0 8830243 0 0 0 0 0 0 0 0 0 0 4287367000 0 5555431 0 0 4241161 0 0 3045313 6581143 0 0 0 2978911 0 853435 0 0 0 0 0 0 1612621 0 7106239 0 0 0 0 0 0 0 0 8034643 0 0 4309705 0 0 0 0 0 0 0 0 7105627000 0 0 7271785 0 0 0 0 0 0 0 0 0 0
3065815 0 0 1661887 0 9840961 0 0 0 0 0 346087 0 1017145 7902757 0 0 5280949 0 5215771 1194319 0 9107173 0 0 0 75889 0 6956605 0 0 0 0 0 0 8974369 0 3719125000 7837885 0 0 0 0 0 0 0 0 0 0 0 0 7463953 0 0 0 0 0 0 0 0 0 0 0 0 0 3870901 0 0 0 0 0 0 620263 0 0 0 0 0 0 0 0 0 0 1058761 0 0 0 0 0 0 0 6978943 7815853000 0 1750933 3892321 0 0 3033991 0
0 0 0 4800835 4796551 0 0 0 248473 0 0 0 0 2095183 0 0 0 0 0 0 0 0 4252177 5115709 9426331 7817689 0 1612315000 0 0 0 0 5422321 8392357 0 0 0 8633485 0 0 0 0 0 0 1858033 1774801 0 0 0 0 630361 7588495 6141115 0 0 0 0 0 8121853 6648769 0 1612621 0 0 0 0 0 0 0 0 0 0 0 0 0 0 0 0 0 0 8401231 0 3449845 3246049 0 5222503000 0 0 0 0 0 0 0 0 4966687 0 0 0 0 0
0 0 0 4461481 0 3022669 0 6605623 0 9664705000 0 0 0 0 0 4751875 0 0 0 0 0 0 0 0 0 8482015 0 9184285 0 6571045 0 0 9814951 5170483 0 0 0 3685771 5119381 3185767 699517 0 6615109 5417731 5049307 0 0 0 0 9825661 0 828955 0 0 0 0 7881031 0 0 0 0 0 0 0 0 0 0 0 9284041 0 1069165 9876151 0 0 0 0 0 0 0 0 0 0 0 9260785 0 0 0 0 2862019000 0 0 0 0 3118447 5925385 0 0 0 0 0
0 1010107 0 0 0 0 0 0 111079 0 0 0 0 2836315 0 1425961 0 0 0 0 878833 0 0 0 0 0 0 5193127 0 0 0 0 0 0 0 0 9487000 0 0 0 0 0 0 847315 0 0 1869049 7530355 0 0 0 0 0 0 0 0 5545333 0 0 0 0 7106239 3870901 0 0 0 0 0 0 0 0 0 0 0 0 0 0 2523277 0 0 0 0 0 6504949 0 0 345475 0 0 5799007 0 7987519 2675359 0 0 8055757 0 0 0 861391
0 0 0 4081429 0 5196799 8803621 7455079 0 0 8137153 3605905 0 0 0 6683959 0 0 2336923 0 2638639 0 4392325 0 0 0 0 0 7683967 0 0 0 0 6697423 0 0 9015067 5044105 8609617000 839053000 0 0 0 0 0 0 0 0 3959335 0 0 0 0 0 0 0 0 0 0 0 0 0 0 0 0 0 0 0 0 0 0 0 0 9805159 0 7052077 0 0 0 8832691 0 0 0 0 0 0 0 0 5712715 0 0 0 116281 6780043 0 5092759 6002803 0 0 0
0 0 6707521 0 0 0 0 0 0 3974635 0 0 0 0 1380979 0 9068617 0 6515047 0 0 0 0 4344895 0 0 4298383 2541331 0 8031889 6161005 0 0 0 0 0 0 0 0 0 0 0 4271455 0 0 0 4891717 0 0 1566109 0 0 0 9736309 8731711 5718529 0 0 0 0 0 0 0 0 0 0 0 0 0 0 0 0 0 0 0 0 3773899 0 521425 0 0 253063 0 0 9058213 0 2919853 0 0 0 6352255 0 6064615 0 0 0 0 0 0 5987809
0 0 0 0 0 0 0 8683363 0 0 0 4412215 6664987 0 0 0 0 3177505 35191 0 0 0 0 0 0 5659165 0 2761039 0 0 0 0 0 0 0 2115379 0 9856567 9645733 0 0 0 3734731 5042575 0 0 0 0 0 0 4659463 3712699000 9776395 0 0 9382879 0 3228913 0 0 2621503 0 0 0 9284041 0 0 0 0 9583921 0 5534011 0 0 9025165 0 0 2748187 0 0 0 1836919 0 0 0 8297803 0 0 5117239 0 0 2544697 0 0 0 0 4977091 0 6174775 0
0 0 0 0 6287383 0 0 8933365 3130687 0 2134657 0 0 4145383 8092477 0 1232875 8860231 7195285 0 0 9939493 0 0 0 0 0 5048083 0 0 9840349 0 3893851 0 0 0 1742977 7491187 4209643000 0 0 0 0 886789 0 0 0 6659785 0 0 2282149 0 2537353 0 0 0 0 6724045 0 0 0 0 0 0 0 0 0 0 9583921 0 0 0 0 0 0 0 5183335 0 3318571 0 9882271 3458719 0 1167085 239599 0 0 9008641 0 0 0 0 0 0 0 7034941 0 0 4885597 0
0 4526965 0 0 0 0 1200439 0 0 0 0 0 3660373 0 0 0 0 5415895 0 0 0 0 0 0 0 0 0 0 0 0 0 4339081 9348607 0 1188505 0 0 0 0 0 0 6669271 5101633 2540107 0 0 0 0 0 0 2686375 0 328339 2250937 0 0 7544737 0 0 0 3300211 0 0 0 1069165 0 0 0 0 0 0 0 620875000 0 0 7773931 0 0 5846131 484093 0 0 0 0 0 0 0 0 0 0 4995145 0 0 0 7997617 0 0 0 0 0
0 0 0 0 0 0 0 4174759 0 0 9266599 3127321 0 0 4436083 7896943 4738717 6047173 0 0 0 0 0 0 0 4295935 0 0 5117545 4691899 0 7806673 0 0 0 0 0 0 0 0 0 0 3987793 0 3609577 0 0 0 0 0 0 0 0 0 0 0 0 8925103 0 9584839 0 0 0 0 9876151 0 0 0 5534011 0 0 0 0 0 0 0 0 3914353 4093363 0 0 0 0 0 0 1260415 6665905 0 1012861000 0 4469437 0 0 0 1261945 0 0 8808517 0 0
0 91189 0 0 0 0 4242385 0 0 0 3613861 0 0 304471 0 3692503 0 0 0 0 0 0 0 0 0 0 124237 0 2509201000 3457495 8560045 0 0 0 0 0 0 4945573 0 7037083 5847355 6960277 0 0 0 0 7981705 1231651 0 0 1712989 0 2091205 0 0 0 5577463 1054171 4131001 0 0 0 620263 0 0 0 0 0 0 0 620875000 0 0 0 0 0 0 0 0 0 0 0 0 0 0 0 1422289 0 0 0 1385569 0 9031591 3321019 0 0 0 0 0 0
7911019 0 0 0 0 0 3611719 154837 0 0 0 0 0 0 9895735 7259545 0 3500029 0 0 8334829 0 7250671 0 9077491 0 0 0 0 0 0 0 0 0 0 0 0 0 0 3454435 0 5587867 0 7507405 0 0 0 0 0 1320391 0 0 6220981000 0 0 0 0 0 0 0 0 0 0 0 0 0 9805159 0 0 0 0 0 0 0 0 0 0 0 0 0 6343993 0 0 0 0 0 1886797 5866633 0 0 0 0 5793193 823141 1685143 9297505 3712393 0 0 0
0 0 0 0 0 4771459 0 0 0 8130727 3922309 0 3943729000 2746351 0 0 2158831 0 0 0 0 0 0 0 0 8184583 0 6359905 0 0 0 0 0 5282785000 0 0 0 0 0 0 1290097 0 0 0 0 9138691 6207517 6485365 229195 0 6499135 0 0 0 0 6028201 0 0 0 0 0 8034643 0 0 0 0 0 0 9025165 0 0 0 0 0 0 0 0 197371 0 1568251 0 0 0 0 0 0 0 9359011 0 0 0 0 7765975 0 0 0 3075607 8622775 0 0
0 0 0 0 2369665 0 0 0 8399089 0 0 8415613 0 0 0 9684289 6588181 0 0 2511649 0 4269925 3276037 0 0 7289839 0 0 8413777 0 0 0 0 1497259000 0 0 0 0 0 3707803 0 0 0 9831781 6772393 0 0 0 0 0 0 0 0 7294735 0 0 5372749 0 9681841 457471 848845 0 0 0 0 0 7052077 0 0 0 7773931 0 0 0 0 0 0 0 0 0 2449837 0 0 3101311 0 0 0 4645387 0 0 0 4629475 0 0 0 0 0 3953827000 0 0
0 0 0 0 0 1129753 0 0 0 0 0 6182731 0 0 0 0 0 0 0 9877681 8039845 3325915 4599487 0 0 0 7834213 0 2656999 0 1838755 0 0 0 0 0 0 0 9317701 0 0 5606533 0 0 0 0 0 0 0 0 0 5191903 0 0 2042551 0 0 0 0 0 0 0 0 0 0 0 0 3773899 0 5183335 0 0 0 0 0 0 0 0 0 0 0 9400933 0 6771169 0 2341819 0 0 9121555 0 0 0 0 0 0 0 0 5510755000 0 0
0 0 2468503 0 4695571 0 9649099 0 0 0 0 0 0 8388991 0 3848257 4604383 0 0 0 0 0 3514105 0 9671131 9959077 0 3253699 0 0 0 0 0 0 0 0 0 0 0 0 0 0 1565191 0 0 0 0 0 0 0 7339105 0 0 6206905 0 0 0 9179083 0 0 5740255 4309705 0 0 0 2523277 0 0 2748187 0 0 3914353 0 0 197371 0 0 0 0 2620891 0 0 0 0 0 8916535 0 0 0 0 0 0 0 0 0 0 0 0 0 3185461
0 0 0 0 5714857 4041955 6480469 0 1197685000 0 0 9813421 0 0 0 4820725 0 8438563 0 0 0 0 5967613 7401835 0 0 0 0 0 0 5114179 0 7211809 0 0 4490551 3666799 7969771 0 0 0 623323000 0 0 0 0 0 0 0 0 0 0 312427 3733507 0 0 0 0 6232609 0 0 0 0 0 0 0 0 521425 0 3318571 5846131 4093363 0 0 0 0 0 0 0 0 0 6499441 0 0 0 0 0 0 0 0 3007063 0 0 0 0 7642045 0 0 0 0
5790133 0 0 9424495 0 7956307 0 8535565 0 7131025 0 0 0 0 0 2007055 0 0 0 0 8581771 8009857 0 6666823 654841 0 0 0 0 0 0 0 4323169 0 0 0 0 9298729 0 0 0 0 2790721 0 4367233 0 0 0 0 0 0 0 0 0 0 0 0 0 4369375 0 4515337 0 0 0 0 0 8832691 0 0 0 484093 0 0 0 1568251 0 0 2620891 0 0 4193425 5555125 6601033 0 0 0 0 9393283 0 0 744805 0 0 0 0 0 107407 0 0 0
0 0 0 0 0 2218501 0 0 0 0 0 0 0 0 1507357 0 0 0 0 0 0 0 0 0 0 0 0 0 0 4276351 4839697000 0 8842483 0 7985989 0 0 0 0 0 0 0 0 0 0 0 0 0 9976519 8176321 0 0 7796575 0 19971 0 6898159 0 0 0 0 0 0 8401231 0 0 0 0 0 9882271 0 0 0 6343993 0 2449837 0 0 0 4193425 0 0 2536741 4361113 0 0 0 1483489 0 0 0 0 0 134335 0 0 0 0 0 0
7306363 0 5380093 0 0 0 0 0 3552661 3605905 0 6819211 0 0 0 5993011 9515989 0 0 0 0 0 7631641 0 0 0 1500013 0 0 1638631 0 0 0 0 9000991 0 0 0 0 0 8300863 6098887 0 2924749 0 0 0 0 4169251 0 0 9272719 0 0 0 0 0 0 7636231 0 0 0 0 0 0 0 0 253063 1836919 3458719 0 0 0 0 0 0 9400933 0 6499441 5555125 0 0 0 0 9136243 0 1458397 737767 0 0 0 0 0 0 0 0 0 0 0 0
0 0 0 0 0 0 0 0 0 1214515 0 0 0 0 4852855 0 0 0 0 0 0 1940959 0 0 0 0 0 9571375 0 0 0 0 0 7913161 0 0 0 5300839 0 547435 0 0 0 0 0 0 0 0 0 1983493 0 9374311 6445279 0 2566729 1709011 329257000 8425711 0 0 3617533000 0 0 3449845 0 0 0 0 0 0 0 0 0 0 0 0 0 0 0 6601033 2536741 0 0 0 0 0 0 0 0 2425051 0 7548409 0 1786735 0 6122143 5718835 0 0 0
4017475 0 0 1211149 0 0 0 0 901477 0 0 0 0 0 2983807 0 0 7417747 9609013 0 0 913411 4422007 0 0 0 0 0 1843651 0 0 0 6304519 0 7517809 0 0 0 3599173 0 0 0 4881925 0 0 4980457 0 8155819 1861705 0 5321341 0 0 54469 6769333 0 0 0 0 0 0 0 1058761 3246049 9260785 6504949 0 0 0 1167085 0 0 0 0 0 3101311 6771169 0 0 0 4361113 0 0 0 0 8889607 0 0 0 2766853 0 0 0 0 0 2063053 0 3298375 0 0
0 5259223 0 0 0 0 0 0 0 238987000 3873655 0 0 9874927 5064913 0 9195301 2421379 9581779 4821643 0 0 0 9056377000 0 0 0 0 0 0 0 0 0 0 0 0 0 0 6831757 1903321 6375817 8051167 0 0 0 0 0 0 0 0 0 0 0 0 0 0 0 0 0 1720027 0 0 0 0 0 0 0 9058213 0 239599 0 0 0 0 0 0 0 0 0 0 0 9136243 0 0 0 8692237 0 0 0 0 0 0 4417417 0 0 0 0 0 0 0
0 0 0 0 8236603 0 0 0 1954729 7916833 0 0 0 0 0 1853137 0 2686375 5339701 0 0 3035215 9947143 0 0 0 3915271 0 0 0 0 0 0 0 0 0 252145 0 0 0 0 0 0 0 0 0 0 0 7057585 0 0 0 8890525 0 0 0 0 4399669 7316461 0 0 0 0 5222503000 0 0 0 0 8297803 0 0 1260415 0 0 0 0 2341819 8916535 0 0 0 0 0 8889607 8692237 0 0 2124865 0 241741 1071307 0 0 0 0 0 0 961147 0 6257395
0 0 0 0 8653069 0 1321615 0 0 0 0 0 0 9128593 0 0 0 0 6162535 0 0 9084835 0 0 0 0 0 0 0 0 1171369 2132209000 0 0 0 23031 0 0 0 0 3159451 0 0 0 0 0 0 0 8950501 8118487 0 0 5449861 0 0 0 0 0 7332067 0 0 7105627000 0 0 0 345475 0 2919853 0 0 0 6665905 1422289 1886797 0 0 0 0 0 0 0 1458397 0 0 0 0 0 0 6582979 0 6656113 0 0 0 0 0 0 0 0 0
0 0 0 2981971 1033669 4669561 2344573 0 0 0 0 0 0 0 0 4422925 0 0 0 2943415 0 703801 7484455 0 0 1503685 0 9633493 662491 0 6495157 0 0 0 8014753 0 2067337000 0 0 0 9829639 0 0 0 0 7761079 0 0 0 0 9955711 4669255 0 0 9592183 0 0 0 3074383 0 9120331 0 0 0 0 0 0 0 0 9008641 0 0 0 5866633 9359011 4645387 0 0 0 9393283 1483489 737767 0 0 0 2124865 0 0 0 0 0 0 0 0 0 9363601 0 0 3404863 0
0 0 0 0 4372435 0 0 0 0 3123649 0 5491477 0 0 0 0 6220981 0 0 0 0 1942489 0 0 9582085 0 0 0 0 0 0 0 0 0 9741511 7453855 0 0 0 7481395 0 0 0 0 2082943 2446165 3582037 0 0 9681841 0 3441277 0 3828061 0 4255237 0 0 0 4261969 6247603 0 0 0 2862019000 0 5712715 0 5117239 0 0 1012861000 0 0 0 0 9121555 0 0 0 0 0 0 0 0 0 6582979 0 0 0 0 1546831 6064921 2952901 0 0 0 0 0 0
0 5215159 149941 0 0 1234405 5284621 0 0 0 0 0 0 0 0 0 8123077 0 0 9993349 0 2504611 0 0 8535871 0 0 4125187 0 0 0 0 0 0 0 4852855 0 0 0 5377645 0 0 0 8907661 0 0 3064897 7402447 0 6373675 0 0 0 6985675000 210529 0 0 0 8581159 3789505 0 7271785 0 0 0 5799007 0 0 0 0 0 0 0 0 0 0 0 0 0 0 0 0 2425051 2766853 0 241741 0 0 0 0 0 0 0 0 0 0 6258925 0 0 404533
0 0 0 0 0 0 0 0 0 0 0 8490277 0 0 0 0 0 1286425 0 0 3349477 0 0 0 0 2985031 0 0 4276045000 0 6858991 5235661000 0 0 6610213 2199223 0 0 0 0 0 9313417 0 930547 2068561 0 0 9149707 5397841 0 0 0 0 9084529 9567397 0 9553015 0 0 0 0 0 0 0 0 0 0 6352255 0 0 4995145 4469437 1385569 0 0 0 0 0 3007063 744805 0 0 0 0 0 1071307 6656113 0 0 0 0 0 0 8487217 1224001 3890179 3031237 0 0 0
0 0 4971889 0 0 5421097 0 0 0 0 3251251 0 0 0 0 0 0 0 0 0 0 0 0 8968249 0 0 3470041 0 0 0 8609617 0 3484117 0 0 0 0 0 3560005 2063359 0 0 0 0 0 0 0 0 0 0 0 0 9721927 0 8253433 0 0 9747937 0 0 0 0 6978943 0 0 7987519 0 0 2544697 0 0 0 0 0 0 4629475 0 0 0 0 0 0 7548409 0 0 0 0 0 1546831 0 0 0 0 0 183295000 0 0 0 0 0
0 0 0 0 0 0 0 4418335 2761039 0 6551155 0 0 0 0 0 0 0 0 7406731 0 306919 8344315 3421081 0 0 0 0 0 0 6031567000 0 0 0 0 0 0 3958111 0 3455965 0 0 0 0 0 0 9097993 0 0 2764711 0 0 0 0 0 0 1876087 1976761 0 0 0 0 7815853000 0 0 2675359 116281 6064615 0 0 0 0 9031591 5793193 7765975 0 0 0 0 0 0 0 0 0 4417417 0 0 0 6064921 0 0 0 0 0 0 0 0 0 0 8007715
0 0 0 5988421 0 0 0 6811255 7031269 1292545 0 3350701 0 0 9125533 0 0 0 463591 0 7695595 8911027 0 7019947000 0 0 9044749 0 0 0 0 0 0 0 0 0 7929073 0 0 0 0 832321000 0 7796269 0 0 0 0 0 0 0 0 0 0 4403953 0 0 3639871 0 0 0 0 0 0 3118447 0 6780043 0 0 0 0 0 3321019 823141 0 0 0 0 0 0 134335 0 1786735 0 0 0 0 0 2952901 0 8487217 0 0 0 0 0 1627309 6611131 0 0
8385931 0 0 0 0 0 0 4347649000 0 0 1147501 0 2795005 0 0 4889881 5694661 0 0 0 6024223 0 0 0 0 0 4490857 0 8454169 0 0 0 0 0 0 0 0 8846155 1330795 0 5229235 4424455 0 9671437 0 0 0 5381623 4793185 0 0 460531 4670479 0 0 0 0 0 0 0 0 0 1750933 4966687 5925385 0 0 0 0 0 7997617 1261945 0 1685143 0 0 0 0 0 0 0 0 0 0 0 0 0 0 0 0 1224001 183295000 0 0 0 1862929 0 0 0 4570723
3253087 0 0 0 0 7414381 907597 0 0 2135269 0 0 0 0 7192225 8789851 0 0 0 0 0 0 3686077 0 0 0 0 0 0 0 0 1586611 0 0 0 0 0 0 5631625 0 0 0 0 0 2000323 0 1943407 0 0 1165249 9281593000 0 0 0 0 0 0 0 8690401 0 0 0 3892321 0 0 8055757 5092759 0 0 7034941 0 0 0 9297505 0 0 0 0 7642045 0 0 0 6122143 2063053 0 0 0 9363601 0 0 3890179 0 0 0 1862929 0 5127337 0 0 0
657289 0 9355951 0 0 0 0 0 9314335 0 0 0 0 0 0 3773899 0 2325601 0 4597651 0 0 0 0 6648157 0 2491147 0 0 0 0 0 0 0 9635023 8643583 7297183 0 0 3634669 0 0 0 0 0 0 0 0 0 0 4959037 6048397 0 0 745417 0 4913749 5826853 0 0 0 0 0 0 0 0 6002803 0 4977091 0 0 0 0 3712393 3075607 0 0 0 0 107407 0 0 5718835 0 0 0 0 0 0 6258925 3031237 0 0 1627309 0 5127337 0 0 0 0
0 0 0 0 0 0 0 0 0 2677501 0 0 3031237 0 0 3905173 2295919 8887465 0 0 0 4362031 0 0 0 0 0 0 0 0 0 0 0 0 0 0 0 0 9506503 0 8113897 0 0 7566157 0 0 0 3591217 0 1573147 0 0 1639243 0 0 0 0 1305 0 0 0 0 0 0 0 0 0 0 0 0 0 8808517 0 0 8622775 3953827000 5510755000 0 0 0 0 0 0 3298375 0 961147 0 0 0 0 0 0 0 6611131 0 0 0 0 0 0
7081453 5881015 0 5936707 0 0 0 0 0 0 6591853 0 0 0 0 0 0 0 0 0 0 6014125 0 0 0 0 0 9940105000 1947997 0 9996715 0 0 2281537 0 0 0 0 0 0 0 0 7353181 0 623935 2618749 5586949 0 1090585 0 0 0 0 0 0 7881337 0 0 0 0 0 0 3033991 0 0 0 0 0 6174775 4885597 0 0 0 0 0 0 0 0 0 0 0 0 0 0 0 0 0 3404863 0 0 0 0 0 0 0 0 0 0 0 0
0 0 0 0 0 4077451 0 5906107 0 0 0 7050547 0 0 0 0 7380415 0 0 0 3290113 5015035000 0 9824743 0 0 0 0 0 1238383 0 0 0 0 0 0 0 7865425 0 4254931 0 0 1777555 0 1889857 0 0 0 0 0 0 19585 0 0 0 0 0 5552371 0 0 0 0 0 0 0 861391 0 5987809 0 0 0 0 0 0 0 0 0 3185461 0 0 0 0 0 0 0 6257395 0 0 0 404533 0 0 8007715 0 4570723 0 0 0 0 0
1
10
100
0
0
