5
7
3 8
8 1 0
2 7 4 4
4 5 2 6 5
1
1
1
10
2
7
3 8
3
7
3 8
8 1 0
4
7
3 8
8 1 0
2 7 4 4
10
53
4 170
714 641 600
98 531 229 951
595 664 705 407 272
181 261 674 554 235 577
499 351 415 38 601 894 991
615 952 322 50 18 334 749 48
924 700 23 746 692 854 431 467 798
901 17 479 299 66 729 354 558 29 7
20
523
679 707
423 380 993
539 987 834 366
297 7 439 14 447
498 428 698 33 915 242
530 798 709 715 434 133 194
809 50 474 317 239 101 977 941
39 714 41 687 340 330 53 346 410
161 887 977 522 121 286 68 634 971 58
145 916 63 476 626 398 887 748 958 930 566
982 732 135 518 28 884 207 35 882 185 186 530
365 373 308 223 926 555 610 229 934 467 715 134 50
801 388 405 168 135 548 106 978 684 266 959 500 148 692
601 777 971 457 857 26 677 1 171 337 111 763 182 979 979
319 821 356 167 773 590 352 960 414 793 551 310 786 11 792 359
185 188 521 544 286 301 422 425 952 174 464 329 899 599 616 601 231
733 692 493 760 472 785 393 142 667 2 353 957 467 184 404 71 155 923
209 257 71 512 929 347 104 275 799 44 832 910 262 325 750 610 83 541 508
366 403 717 967 662 181 797 239 61 251 407 903 279 196 401 799 128 350 433 641
40
993
971 204
121 636 970
0 256 453 327
988 202 164 805 420
510 953 627 768 662 215
716 775 33 444 900 432 469
279 623 826 896 867 524 301 593
371 275 328 602 822 387 188 18 358
423 665 544 715 450 784 354 381 88 897
879 298 638 813 185 613 765 438 23 704 299
6 425 939 275 141 878 341 278 679 699 298 162
934 821 653 338 508 121 632 270 787 817 979 196 688
634 417 567 317 140 801 831 671 985 963 913 407 210 425
481 749 646 976 5 769 829 191 139 284 356 984 478 63 193
412 981 953 929 388 901 39 640 477 816 863 225 316 373 391 391
746 402 596 148 25 944 84 95 544 166 135 571 324 401 172 549 16
634 648 998 629 183 317 115 77 879 904 449 437 688 955 789 1 380 173
74 253 820 854 812 953 122 375 629 716 645 161 6 997 185 102 425 349 374
925 660 505 338 25 617 711 433 332 203 678 908 880 419 339 711 655 980 681 408
459 52 329 525 144 348 123 900 785 610 700 745 472 645 384 444 442 272 393 265 50
707 520 716 565 62 372 852 127 567 17 119 827 942 275 734 832 399 883 899 690 144 473
880 399 636 131 602 820 847 916 846 238 339 296 387 293 466 311 176 45 277 505 279 136 292
769 210 537 719 325 532 954 669 100 908 512 242 721 918 805 894 583 922 622 412 798 505 110 752
597 237 715 549 248 304 488 446 740 968 99 835 984 82 999 479 654 36 685 503 851 191 958 781 107
781 228 974 609 47 978 392 702 362 809 97 70 75 740 868 451 105 30 781 957 218 395 223 383 248 84
267 8 613 359 68 608 789 447 41 33 148 607 442 345 728 829 599 893 631 124 141 575 723 370 859 595 845
460 668 407 73 551 813 473 841 769 898 613 860 502 132 239 944 927 382 582 517 344 472 586 476 697 203 728 545
991 574 275 260 196 704 20 654 453 463 13 922 162 0 987 913 451 272 811 428 545 43 414 995 290 403 351 275 121
644 629 760 134 165 396 687 354 337 625 607 221 735 725 136 731 526 841 21 949 989 964 55 284 75 713 202 435 50 108
83 814 409 174 946 869 682 615 812 597 928 796 165 961 190 425 388 117 980 88 191 716 243 99 209 722 548 222 257 612 571
337 188 174 258 364 918 565 835 916 717 343 725 285 103 768 588 952 45 943 682 584 351 304 570 175 434 578 655 398 592 251 864
541 807 283 910 143 108 727 145 234 177 687 328 181 973 874 192 475 403 744 912 360 902 633 170 177 507 92 403 800 415 618 559 248
547 204 367 94 725 921 564 833 665 477 225 284 407 111 772 649 687 346 461 552 322 919 282 880 827 416 458 165 15 575 792 243 712 912
283 674 752 781 316 467 44 473 719 497 582 839 830 619 512 948 82 473 174 514 883 549 491 222 602 565 223 284 437 334 303 673 203 283 253
842 897 445 874 187 307 133 753 322 607 857 494 38 343 539 23 298 685 240 522 94 972 319 183 808 100 120 247 894 487 424 141 631 234 802 179
43 302 911 185 353 847 858 874 248 700 877 287 519 136 264 408 832 824 316 583 970 663 458 864 967 918 777 799 582 528 664 376 754 133 960 988 90
261 838 586 730 192 720 157 793 420 494 261 452 534 619 656 732 204 227 474 268 866 663 459 958 251 879 40 638 355 280 52 526 603 342 497 548 517 707
905 497 992 289 658 723 598 933 481 885 844 868 486 85 49 42 433 319 307 552 747 72 407 278 345 486 55 170 164 518 721 887 580 141 277 802 334 555 863
137 147 517 366 541 75 458 76 281 42 593 640 883 162 113 80 771 377 624 74 377 77 136 973 716 309 71 203 440 489 846 298 984 53 620 900 197 274 875 443
50
157
685 308
393 791 716
727 519 214 438
198 388 580 347 114
561 753 228 461 434 404
484 242 527 633 447 946 236
348 113 41 230 549 307 520 751
453 466 172 524 703 432 526 157 114
854 148 356 735 858 553 370 918 70 537
990 885 585 151 207 459 251 874 404 818 395
421 866 140 930 614 479 512 501 298 580 876 103
615 424 341 726 489 146 229 999 41 15 180 36 187
77 322 37 207 519 892 53 803 394 77 254 439 887 551
871 497 827 554 525 873 107 52 136 639 939 73 416 748 49
901 679 839 686 752 521 161 781 874 89 219 191 47 581 14 142
836 845 474 568 323 16 732 174 827 241 578 358 748 624 865 661 769
707 257 305 54 910 998 751 44 696 891 152 91 448 154 986 96 504 647
444 151 865 446 745 499 735 874 280 339 391 48 771 447 854 890 944 324 108
504 877 787 609 572 143 809 318 125 516 931 239 31 135 496 55 25 292 539 629
231 92 889 414 936 187 240 170 323 649 449 411 606 654 663 340 615 298 752 351 406
483 812 754 474 752 139 498 923 942 828 472 417 377 532 547 619 301 91 247 666 437 573
116 751 540 639 714 738 186 569 868 461 225 155 530 424 217 355 571 510 640 886 130 800 990
892 345 400 161 585 755 401 292 97 375 837 805 788 866 191 951 163 115 434 965 250 125 625 880
206 505 673 754 408 242 580 292 386 517 799 934 482 376 374 237 981 802 439 74 894 244 124 400 159
575 453 510 790 413 957 366 244 532 748 700 195 529 789 379 918 473 784 837 645 406 195 498 440 711 117
627 76 609 219 383 44 813 326 325 114 578 597 35 118 509 751 86 990 789 523 547 951 548 540 46 650 379
375 569 947 805 647 327 630 496 755 714 491 935 382 994 732 43 87 750 659 522 682 336 874 832 783 132 205 6
697 785 411 681 954 915 765 253 21 696 261 985 612 714 267 364 91 916 492 616 268 345 29 54 293 993 406 546 327
205 194 40 640 933 13 239 876 504 183 382 143 836 313 540 270 207 861 60 678 917 187 113 117 690 641 46 944 258 251
361 284 807 915 537 434 724 955 526 845 40 512 680 205 740 769 330 737 216 553 72 816 403 785 663 136 322 474 68 819 147
944 23 383 250 931 777 589 740 603 861 237 498 89 635 543 752 22 138 925 39 182 679 391 671 589 473 735 585 453 151 478 332
966 820 182 814 56 505 371 222 501 36 420 287 506 824 245 568 871 525 42 242 541 89 973 601 848 527 848 559 605 791 2 837 437
118 771 283 898 392 186 762 602 227 666 392 146 822 848 307 221 898 896 826 749 903 416 497 681 122 781 523 440 109 381 805 348 63 909
944 786 502 500 535 194 387 311 690 418 597 334 139 456 673 359 63 183 720 186 710 617 865 133 31 726 152 592 733 636 111 652 287 376 132
383 143 276 11 523 640 753 582 673 654 759 578 671 729 242 996 801 250 591 908 407 905 24 968 596 5 340 28 119 838 579 737 965 0 720 675
70 129 840 832 511 29 794 190 369 567 351 652 927 11 412 947 637 402 454 694 31 125 677 896 568 94 332 165 517 411 808 964 785 84 390 403 250
560 330 556 891 826 958 535 979 706 64 295 454 281 855 233 987 949 967 338 550 54 362 265 295 800 458 309 98 634 676 976 968 430 543 108 206 491 766
653 53 935 170 735 858 112 92 577 303 453 9 523 217 456 118 508 3 711 230 687 43 179 690 926 963 409 784 55 347 47 808 14 229 953 995 900 377 357
356 719 498 964 939 930 785 2 376 62 97 807 861 384 946 87 751 325 514 919 742 148 17 721 67 947 35 834 210 965 907 290 560 810 78 467 534 351 374 437
167 791 713 338 190 234 505 998 668 638 813 201 49 451 447 472 88 547 983 768 896 186 712 149 639 930 994 298 282 890 96 705 779 720 667 974 538 612 247 519 504
560 571 687 744 341 935 531 206 535 497 604 236 595 817 446 858 319 646 145 238 428 968 22 61 32 295 204 257 207 531 763 652 179 414 856 507 737 912 563 246 861 753
774 127 769 916 127 433 682 418 47 939 692 68 340 581 912 613 636 714 18 319 578 991 511 717 78 123 103 874 272 55 871 144 830 336 131 466 175 907 882 142 238 488 418
77 578 234 630 854 301 78 125 98 548 194 37 768 607 320 519 916 98 42 837 740 443 736 881 292 541 313 712 866 460 702 423 204 161 173 228 464 280 228 849 28 761 420 628
608 284 233 538 200 217 103 726 598 174 911 532 816 218 242 891 86 418 269 66 95 553 805 602 340 310 685 124 565 809 390 85 491 605 871 559 485 540 925 202 223 167 316 371 296
862 7 603 50 632 516 787 624 882 563 878 595 245 841 897 461 251 80 438 586 650 881 295 595 485 453 553 333 454 816 534 50 937 15 656 151 509 948 35 333 316 439 578 555 758 495
957 604 152 489 345 813 618 320 233 491 202 422 300 866 187 146 470 232 874 859 91 67 43 940 873 296 758 144 686 766 480 623 874 482 312 410 926 309 599 188 173 659 347 593 121 205 870
219 98 129 74 994 571 855 648 508 605 720 82 719 344 219 557 306 527 112 267 122 691 888 263 52 763 724 546 213 395 949 894 354 258 556 746 830 992 860 557 382 152 341 198 691 858 122 323
568 340 644 56 466 618 584 707 192 124 838 926 627 887 684 468 976 263 699 760 100 179 105 890 88 673 798 451 613 763 898 467 536 818 295 993 537 611 179 843 993 759 58 118 363 831 673 992 685
735 573 796 30 579 293 655 402 944 261 992 828 988 421 261 515 240 114 52 456 732 371 702 783 948 966 723 276 618 396 450 488 149 258 968 868 104 418 675 669 517 497 407 937 388 778 633 449 734 747
80
18
367 975
71 206 761
748 284 613 15
337 317 410 34 750
970 194 653 131 79 431
177 489 642 550 331 515 41
630 689 669 676 411 437 796 942
625 0 830 258 628 179 3 812 95
610 100 453 827 682 427 931 755 621 267
129 783 659 81 962 117 227 260 444 950 90
809 562 120 516 338 274 111 465 792 777 850 913
534 820 492 43 920 544 135 33 340 988 432 593 263
509 383 696 35 730 165 80 792 258 203 732 801 779 144
56 344 788 603 278 5 13 314 847 770 701 339 159 970 852
561 596 628 866 298 904 67 744 246 108 216 270 737 640 754 52
541 393 924 869 706 450 935 809 624 694 530 170 863 381 504 417 276
621 209 202 622 530 203 61 962 209 250 358 244 481 581 743 391 244 795
797 559 45 902 584 788 745 679 631 714 187 523 212 343 179 428 595 469 895
139 89 745 901 220 194 826 831 138 27 982 864 846 258 217 390 186 11 376 184
162 516 93 778 765 899 108 807 408 878 69 262 347 68 66 264 385 434 476 673 434
984 873 765 427 693 858 381 449 664 994 682 314 473 784 689 205 904 113 528 962 564 775
232 612 838 135 99 926 950 770 168 716 222 130 20 284 223 8 627 133 113 451 472 935 63
691 401 131 553 870 159 836 915 59 884 29 71 126 302 725 295 940 579 81 949 247 957 393 718
84 840 222 364 58 41 217 132 606 266 144 472 933 307 165 877 745 99 239 735 256 952 357 539 569
115 632 741 529 927 352 196 85 907 10 187 633 670 49 673 136 811 155 883 589 838 549 609 545 237 961
702 173 994 254 131 363 88 553 239 248 307 995 960 901 125 107 717 958 127 14 895 82 669 388 844 325 869
516 718 290 761 923 604 565 91 617 808 376 753 340 145 644 497 545 225 306 894 664 154 90 739 856 524 292 183
75 242 902 82 523 566 398 544 469 746 88 932 501 984 553 470 34 532 996 920 923 657 661 789 914 833 821 322 16
434 38 266 65 797 352 413 186 424 171 633 416 190 901 764 962 293 190 544 986 305 786 24 976 207 678 562 328 852 911
22 93 479 640 310 213 597 139 53 583 548 802 181 731 369 901 788 681 46 470 383 92 198 764 282 480 435 493 302 530 210
624 932 615 733 610 42 224 794 998 755 188 178 66 515 854 548 488 68 33 74 163 570 561 13 651 190 372 189 826 41 616 203
727 479 575 483 275 134 809 604 171 759 168 466 629 604 74 357 262 387 322 891 691 330 912 148 670 267 50 997 748 218 763 495 725
573 356 464 852 131 992 843 864 96 388 548 505 824 990 190 631 785 317 688 63 295 441 373 551 290 845 603 989 610 226 47 626 454 38
398 445 217 645 463 558 590 638 544 63 422 210 110 434 400 408 409 407 736 525 750 988 826 474 199 859 472 38 185 638 315 397 916 206 751
417 408 932 786 337 254 863 591 959 709 784 549 454 214 506 565 83 945 183 468 123 729 790 397 542 302 9 676 834 170 478 966 499 295 940 556
666 694 977 858 468 178 65 883 468 943 962 871 115 453 838 600 135 282 872 153 626 390 954 544 748 224 191 37 627 266 36 259 667 96 437 464 281
311 325 72 932 420 261 846 398 602 625 325 318 232 240 915 26 42 195 487 932 894 391 709 154 602 646 48 843 677 322 520 254 963 420 276 949 685 780
857 18 88 722 307 873 100 221 963 719 144 186 563 337 677 247 206 671 112 160 99 626 795 369 11 324 358 173 984 623 690 479 681 378 367 40 235 695 159
192 523 528 954 120 849 915 51 279 623 851 970 547 843 377 868 434 864 666 248 146 172 683 907 206 733 651 335 762 53 840 127 721 688 821 558 924 988 706 177
894 161 676 722 902 504 383 918 957 880 841 289 169 71 552 489 928 70 95 648 41 496 829 942 424 733 279 878 800 106 751 199 854 731 676 671 435 331 92 27 34
499 415 202 43 473 583 570 199 155 45 562 229 325 573 219 804 800 124 897 682 123 249 478 805 117 922 24 248 60 185 418 344 104 503 1 535 428 822 200 225 94 845
934 21 556 216 93 255 209 895 967 707 984 792 820 748 745 335 55 486 754 965 298 224 416 294 839 455 6 247 713 567 628 920 450 11 996 527 614 287 617 669 271 51 889
741 251 35 445 74 331 29 966 432 861 58 866 526 932 345 303 458 823 137 447 237 399 829 709 969 813 997 159 840 59 858 829 775 9 674 457 915 92 725 271 282 442 190 223
14 97 950 440 821 528 502 575 308 366 844 784 470 402 601 77 343 946 544 285 342 784 24 894 642 570 461 38 140 433 12 430 582 444 54 328 562 742 816 979 726 533 160 101 582
613 970 16 963 844 956 832 283 711 262 44 120 669 327 658 789 602 804 608 135 223 641 369 136 824 349 500 394 222 617 795 90 590 562 498 723 33 751 999 597 446 524 834 524 285 913
244 710 237 733 981 656 513 735 752 160 422 262 386 224 512 559 795 169 693 951 755 263 626 785 105 516 788 226 64 807 754 316 772 310 538 784 948 137 921 327 463 409 791 67 291 745 618
65 284 924 498 834 587 463 565 186 31 664 291 976 248 0 405 368 169 157 689 365 549 882 961 379 206 355 245 627 282 956 822 488 471 690 565 795 505 820 627 282 377 594 954 430 463 679 468
868 156 515 859 700 465 44 440 889 13 167 239 696 757 9 771 612 588 427 134 1 893 837 652 440 302 553 457 667 736 732 472 890 244 345 894 436 784 783 534 289 170 403 213 912 829 297 641 261
658 23 662 278 544 866 617 997 991 486 769 352 265 824 314 240 434 766 859 39 2 337 715 589 992 857 824 732 17 290 744 227 193 599 587 496 890 36 560 26 347 960 232 37 586 466 416 231 53 826
35 859 253 492 823 460 45 945 942 500 410 239 456 805 35 666 263 488 2 786 819 100 139 775 479 858 412 714 876 375 382 270 916 369 548 343 762 77 689 546 888 216 343 237 753 796 973 896 328 366 361
332 632 534 318 891 518 607 863 633 548 223 797 233 680 393 837 763 36 425 310 468 430 927 721 158 443 969 898 194 568 434 622 507 305 143 933 429 646 427 698 902 658 297 393 83 21 410 712 470 749 152 313
679 89 107 391 417 398 593 415 623 749 811 778 150 669 478 752 740 837 47 86 745 29 619 58 581 549 486 103 730 301 178 365 612 63 810 842 278 90 679 159 639 89 507 532 413 228 828 334 568 516 387 834 394
780 182 474 182 87 35 183 583 461 926 151 322 2 981 434 14 360 970 88 162 787 880 461 529 781 217 31 586 324 183 623 698 401 482 38 502 443 362 467 147 59 790 922 865 304 916 470 976 806 249 882 577 491 179
13 736 194 173 452 393 652 523 845 513 211 287 249 621 104 427 104 89 296 432 412 154 51 798 127 828 470 965 782 356 833 4 579 125 698 728 461 285 35 383 227 5 362 564 321 780 312 470 193 150 669 485 381 100 538
397 220 11 614 374 748 505 589 842 191 557 125 881 481 487 531 394 673 192 838 787 262 379 986 922 932 851 809 317 382 239 44 367 742 276 944 932 299 122 591 999 987 978 835 137 193 150 107 237 728 97 455 698 105 48 494
569 697 257 875 567 223 339 763 253 788 223 154 366 516 534 47 969 812 875 325 736 533 354 483 16 112 56 630 474 906 277 725 777 505 280 397 845 271 25 406 415 399 693 614 142 662 229 917 65 853 280 921 190 996 339 827 651
648 486 841 99 208 321 941 803 780 606 734 261 847 689 365 868 255 141 451 690 866 392 145 719 4 538 16 443 566 810 987 717 337 810 937 524 419 524 695 791 817 469 845 432 366 577 712 982 907 495 929 715 976 366 819 483 265 536
602 478 20 630 331 144 586 69 830 903 597 231 219 468 857 180 988 174 501 403 807 11 84 604 376 889 631 960 548 796 45 11 736 16 926 592 371 746 676 541 33 194 195 945 426 452 475 364 554 575 644 574 154 796 153 251 488 155 727
604 618 451 160 937 608 513 571 414 139 924 295 356 120 790 856 330 514 477 960 652 999 226 282 122 473 833 355 604 489 659 186 196 303 361 65 908 708 161 340 283 347 966 538 186 501 659 10 747 61 96 936 524 843 920 623 80 5 434 641
375 971 351 253 328 321 555 857 756 586 888 800 4 691 511 141 13 719 896 649 483 161 821 506 236 206 257 204 103 132 566 300 285 126 848 363 982 842 652 39 695 700 662 384 851 780 89 482 367 845 943 22 754 592 443 574 893 577 269 281 544
223 319 795 669 978 806 41 608 16 691 292 183 801 114 476 791 972 346 110 319 89 670 97 705 112 180 525 606 738 492 901 681 863 131 231 871 615 617 306 46 445 527 399 755 705 453 787 416 845 747 684 790 186 990 705 175 163 830 847 568 74 734
905 260 618 563 120 84 726 640 964 366 944 673 553 492 596 319 518 551 653 180 570 171 240 479 631 396 936 82 435 513 802 2 621 649 202 527 381 739 61 277 79 266 777 993 354 785 489 88 892 411 406 653 472 6 723 289 986 833 535 976 594 723 736
345 168 446 846 590 39 653 509 126 508 905 192 703 577 338 2 943 925 444 22 989 271 848 403 540 835 573 816 440 36 326 990 11 226 877 997 906 61 880 255 292 363 604 885 675 567 399 46 502 659 723 175 669 487 23 112 551 106 936 851 985 575 688 578
520 428 397 249 977 288 326 82 382 779 378 0 596 915 529 134 651 388 14 216 526 815 478 818 451 910 634 624 12 974 795 46 592 966 855 481 500 735 670 837 742 917 171 433 811 550 831 144 247 200 784 481 277 55 162 321 32 455 76 103 42 863 407 536 754
823 794 253 451 291 905 738 682 497 855 224 16 39 722 253 650 440 422 754 229 953 109 717 430 438 829 8 713 51 594 26 199 472 454 805 462 252 102 64 788 189 463 701 27 663 929 237 724 476 714 803 573 354 894 702 908 579 694 203 249 449 206 627 695 944 467
897 52 321 573 694 378 532 490 104 548 269 956 241 68 699 443 308 620 53 637 109 76 621 325 305 300 914 706 443 674 760 930 201 326 75 15 342 508 476 592 890 330 419 155 167 19 61 482 469 803 944 539 528 204 333 612 144 96 941 799 18 608 464 866 373 508 265
131 783 740 606 354 729 87 542 655 824 649 236 469 398 906 99 575 921 373 274 371 233 222 131 268 888 472 927 924 285 710 516 705 929 368 457 55 278 345 712 895 853 534 685 671 191 833 999 801 614 95 493 808 69 150 795 209 493 676 973 519 257 628 395 529 220 658 357
367 338 985 409 859 421 986 435 813 161 608 228 586 233 922 598 597 595 472 582 30 569 666 987 691 58 614 807 244 233 144 892 427 764 542 288 612 599 588 460 249 66 374 313 305 1 605 452 106 738 132 620 684 452 627 609 640 206 371 367 33 70 867 740 66 787 906 342 224
757 358 832 98 883 396 655 182 205 937 944 557 108 961 836 898 78 479 806 567 903 956 28 393 508 66 997 972 161 83 275 386 630 582 576 336 573 291 61 986 503 910 985 944 528 145 639 16 448 645 731 295 795 313 454 362 315 255 624 370 549 434 894 559 482 589 580 636 238 328
516 27 382 20 744 114 573 218 540 623 160 750 632 344 284 738 644 526 396 680 532 803 135 439 951 985 480 371 147 365 272 830 571 932 626 267 716 148 965 141 460 150 648 459 11 163 448 646 543 549 253 94 731 583 246 466 535 751 322 191 446 819 978 540 27 634 923 387 350 285 943
921 726 573 406 170 863 895 585 575 734 869 456 449 946 646 964 235 678 490 607 819 132 222 643 321 20 615 257 619 653 461 195 456 307 181 300 251 738 76 974 947 674 776 867 737 699 625 816 585 51 609 928 525 118 191 5 622 93 666 676 172 426 236 321 296 811 37 24 576 213 706 575
771 994 566 24 918 766 847 83 710 967 364 315 782 875 342 15 11 199 124 596 990 957 171 441 578 21 285 340 519 887 946 563 175 735 381 990 455 483 569 419 456 145 555 793 566 364 913 841 712 929 635 265 57 93 217 124 558 593 614 607 426 81 651 100 943 41 607 660 549 441 670 769 255
714 991 58 892 105 842 867 764 284 161 764 789 403 255 616 844 593 791 785 679 978 838 25 906 999 243 300 136 720 798 989 429 906 863 567 210 337 992 157 97 903 206 771 409 14 859 686 932 490 592 897 327 715 986 162 89 802 834 237 888 729 225 688 881 664 835 142 238 629 924 527 293 835 816
31 574 847 535 246 205 631 642 569 225 987 967 784 100 353 467 399 517 364 152 920 402 268 956 208 433 572 356 241 985 768 121 121 444 541 947 193 864 766 107 488 199 747 349 377 131 893 774 546 398 312 474 654 673 944 513 254 219 711 706 475 461 29 561 216 219 65 222 173 997 591 934 710 575 203
629 646 798 837 699 502 484 286 15 147 958 785 874 135 828 453 550 694 896 122 582 91 531 874 111 748 348 371 144 356 650 890 230 743 301 10 267 459 391 253 296 334 641 66 720 234 923 927 391 40 516 425 714 588 283 450 137 693 477 82 75 376 992 833 272 37 727 107 277 674 543 974 460 830 761 928
274 73 906 285 197 338 735 487 565 378 885 830 137 535 63 803 606 323 137 311 268 878 517 233 74 1 564 232 651 237 176 926 840 3 983 238 328 933 554 967 517 500 943 776 489 948 443 327 161 349 892 165 193 300 463 668 848 129 581 532 406 906 628 250 963 440 795 218 609 311 325 695 500 524 338 376 657
355 538 13 245 903 499 490 951 549 13 27 569 579 460 10 187 564 750 268 337 631 486 986 255 482 56 679 521 921 453 437 103 164 385 166 137 31 4 639 839 323 198 407 749 701 335 217 157 229 758 221 365 194 703 22 178 133 570 264 133 459 874 328 685 695 147 497 429 151 424 292 152 837 940 239 978 449 311
265 633 596 755 221 60 808 832 901 986 935 116 506 967 738 991 673 186 252 871 359 562 205 511 80 42 450 509 132 394 837 228 596 865 809 199 859 984 986 759 384 448 474 527 564 663 726 861 655 855 355 956 975 447 43 752 732 126 276 66 565 677 251 661 831 564 996 432 64 240 838 109 559 260 853 984 6 173 687
348 410 330 972 155 979 148 807 909 927 715 106 355 963 585 369 460 925 603 734 151 172 12 77 706 537 812 88 98 810 66 254 748 403 949 55 340 176 434 707 708 674 513 716 776 854 656 9 207 84 12 813 404 157 493 943 949 454 658 715 524 589 381 889 165 122 976 468 39 16 456 86 614 236 688 98 312 173 505 514
100
455
308 289
474 894 174
490 581 672 935
813 646 573 370 6
353 902 310 602 828 595
51 374 352 363 134 569 156
836 801 293 364 260 854 322 709
911 13 52 661 441 396 918 849 446
583 142 543 0 968 947 965 10 544 428
977 891 447 643 82 804 185 723 103 181 234
693 655 629 339 73 992 865 812 611 668 159 764
764 185 539 424 827 160 634 632 171 569 173 976 631
980 864 486 579 339 284 287 452 734 345 759 227 447 752
648 390 968 616 162 928 305 263 725 219 142 172 91 162 264
387 849 643 403 944 735 421 584 63 574 39 748 939 985 802 961
414 624 983 59 609 593 3 293 492 479 26 621 216 336 810 566 979
449 490 653 396 141 122 342 823 446 52 783 179 907 556 605 666 18 509
934 513 352 596 375 745 15 848 991 709 959 834 579 366 417 137 483 155 15
633 789 68 280 325 609 720 819 99 749 62 601 88 570 361 608 467 374 512 525
214 395 485 426 962 471 235 416 250 326 814 846 683 630 574 243 82 441 804 353 582
592 888 467 160 925 2 632 849 410 87 616 811 656 726 142 770 243 476 671 188 364 781
762 310 167 84 992 9 711 789 622 238 702 937 201 702 641 705 641 821 202 199 529 23 816
505 853 611 493 15 661 935 231 888 298 868 73 615 975 420 834 460 842 74 711 200 874 545 572
561 258 775 608 79 919 162 130 710 247 148 655 749 587 707 6 14 631 253 85 384 431 626 676 113
868 410 82 247 655 985 24 313 980 343 243 1 307 237 70 653 884 893 223 542 513 649 984 233 344 671
233 645 320 796 780 3 500 878 650 540 431 14 52 56 943 310 91 899 932 879 556 229 731 831 831 298 222
297 447 431 662 644 455 86 700 97 210 972 876 655 540 121 651 249 391 239 458 699 505 286 59 721 492 456 932
561 637 657 754 649 354 385 448 468 982 205 576 321 942 210 841 460 249 460 250 770 227 198 478 79 363 338 280 786
462 236 968 227 939 690 479 635 881 991 975 285 645 696 287 724 169 566 350 862 569 70 957 351 495 389 594 632 682 271
138 26 34 594 31 518 96 46 250 574 420 729 691 249 342 760 655 723 601 704 993 435 660 894 524 930 811 851 39 785 542
37 506 89 225 370 184 432 532 38 950 19 347 502 379 359 336 101 296 429 559 944 74 838 283 918 726 370 7 50 988 807 88
555 743 784 265 59 364 516 38 551 249 913 718 263 768 392 187 623 851 882 419 957 234 268 492 628 363 463 131 264 186 748 830 786
234 846 603 47 218 391 240 140 75 896 805 156 993 667 359 38 984 515 470 536 521 7 945 945 261 930 448 662 625 735 114 123 922 243
368 532 963 691 593 628 381 536 96 909 295 120 76 489 614 759 214 362 158 342 896 829 729 954 668 532 864 440 114 995 240 800 974 139 295
663 385 110 143 330 63 66 89 159 930 162 686 902 141 928 10 641 435 744 178 344 720 513 639 848 840 805 412 804 447 540 477 796 969 883 128
469 323 131 200 809 881 671 703 233 649 157 812 584 712 585 734 370 748 135 328 717 130 456 149 239 865 598 253 192 599 979 361 769 778 423 91 869
649 209 890 895 892 784 477 164 249 57 549 235 345 508 248 890 426 355 259 250 686 227 472 733 524 238 889 815 246 615 99 220 858 863 798 32 5 200
556 149 629 297 568 64 317 169 58 516 231 343 736 908 653 529 854 75 664 163 785 278 757 267 736 748 197 67 468 413 499 918 242 617 36 247 759 914 226
470 355 525 417 836 433 213 654 889 830 721 468 300 144 830 97 827 921 192 416 147 964 269 944 34 903 730 718 283 345 770 6 883 846 924 920 682 393 861 97
883 169 487 750 159 855 536 728 94 215 829 405 240 373 992 51 764 10 423 523 55 343 776 883 535 409 266 276 0 518 709 301 903 350 429 392 525 294 387 796 454
281 485 578 682 344 670 516 980 980 945 899 713 24 306 760 139 100 414 317 879 896 540 340 996 190 988 640 382 628 607 196 945 264 62 489 849 12 320 251 137 100 855
358 611 685 362 989 760 313 544 243 680 944 371 966 563 449 611 40 753 49 509 40 728 875 475 984 316 770 117 384 812 299 25 244 371 181 407 905 651 381 840 622 729 102
305 145 357 526 58 503 96 775 172 119 547 539 481 281 165 569 934 491 469 680 103 269 121 857 66 62 583 51 335 550 858 65 214 830 784 926 401 236 673 811 300 979 802 552
154 659 978 386 570 365 156 988 50 209 959 81 658 691 283 400 372 492 637 553 362 653 300 632 257 353 181 888 61 307 708 81 806 998 76 684 521 244 577 606 673 673 484 244 431
240 526 223 839 206 368 312 406 462 323 429 553 725 124 828 784 847 674 239 363 242 747 256 675 353 251 559 788 99 31 763 793 910 513 414 633 125 629 875 1 858 547 348 762 360 437
639 956 952 388 777 299 934 319 846 617 597 124 47 756 297 673 613 617 579 260 581 801 674 962 37 195 583 326 758 203 98 330 962 66 260 498 552 629 988 551 525 626 630 722 909 552 369
754 491 166 808 207 133 327 411 647 844 965 903 666 434 436 75 977 853 688 92 164 131 682 844 12 390 142 558 694 90 392 21 817 652 401 445 842 726 116 962 470 904 982 760 855 329 101 563
595 463 400 216 274 955 560 308 470 24 70 395 807 13 341 555 912 841 208 483 844 119 543 318 950 850 78 548 143 731 919 130 600 200 170 153 227 567 985 21 197 804 169 447 719 439 6 109 125
362 173 128 942 945 832 534 878 34 782 178 56 407 153 713 912 962 660 101 384 760 149 455 201 897 967 161 900 768 3 882 977 6 808 109 521 11 984 732 479 903 781 937 548 462 844 78 955 739 464
478 921 358 395 683 225 960 849 504 248 878 101 674 492 893 15 299 82 302 78 167 17 858 227 403 689 175 342 58 352 475 870 146 366 432 771 839 287 441 197 126 473 452 538 885 966 632 164 321 252 905
738 391 492 626 665 831 136 467 849 318 536 675 788 723 670 391 709 428 369 579 254 354 711 880 869 979 895 319 783 710 470 317 900 788 871 960 334 925 664 665 573 656 371 98 132 736 603 818 650 483 192 103
721 804 684 659 259 20 814 378 862 292 599 210 277 878 396 332 170 605 707 738 800 402 993 298 438 696 819 938 881 938 748 532 768 468 694 996 350 904 460 255 787 34 856 359 428 709 41 773 269 775 279 294 364
250 42 848 704 101 95 382 930 27 228 411 186 626 239 436 165 359 73 889 637 888 577 717 690 697 751 107 888 787 517 116 873 962 125 582 92 590 559 655 941 813 865 307 464 702 861 930 968 713 397 6 189 22 682
643 942 91 509 647 514 673 909 860 317 665 587 588 225 859 227 437 835 728 860 45 552 873 528 375 104 590 680 358 842 820 514 138 680 969 965 497 27 985 367 824 162 319 44 49 584 980 234 47 844 499 611 240 28 529
26 771 996 751 601 954 996 114 3 73 104 12 110 784 236 956 851 245 951 412 80 334 415 9 533 214 742 224 863 533 932 975 794 525 309 18 418 362 675 184 427 497 567 429 831 893 412 496 744 238 77 335 551 907 361 754
268 537 619 830 255 820 231 804 391 685 89 49 817 405 136 294 723 866 428 98 57 999 452 39 15 785 171 546 744 951 451 935 631 793 642 309 701 556 53 982 426 476 394 98 223 164 258 924 643 507 359 429 220 303 482 695 752
46 713 333 525 210 951 257 238 629 988 21 383 918 758 999 235 762 824 487 867 743 386 234 130 156 577 196 487 261 792 26 163 590 727 582 652 686 284 870 57 870 911 622 454 409 563 789 666 510 57 134 415 572 790 137 410 191 609
473 228 352 598 574 576 625 14 710 230 400 570 911 871 979 213 137 34 22 914 738 758 169 87 561 33 270 904 455 897 161 295 467 81 617 42 333 206 998 989 573 26 403 322 197 657 61 774 420 51 540 654 213 137 523 681 583 394 315
624 534 592 493 787 914 959 583 430 278 86 197 309 19 82 532 515 758 975 860 249 160 96 236 852 493 777 763 688 384 674 372 468 628 847 248 14 685 974 803 65 64 905 888 476 265 172 118 53 380 505 295 374 110 802 942 974 148 311 489
731 980 249 968 726 979 902 205 984 486 742 620 340 333 236 373 772 125 578 47 1 758 510 927 893 388 537 281 643 121 723 710 514 987 767 352 6 505 116 938 479 316 382 635 646 404 706 828 325 249 314 463 350 571 680 187 935 948 173 598 484
644 348 306 53 549 611 795 682 648 202 271 901 311 216 471 767 349 362 606 501 115 132 767 556 717 285 684 99 804 782 28 208 93 644 100 141 482 670 594 524 759 761 830 121 135 138 313 183 688 603 698 286 501 290 919 236 771 486 433 833 574 708
500 295 364 721 253 649 594 800 836 995 174 974 484 395 357 941 297 535 621 182 505 439 854 778 366 164 293 27 555 898 473 798 197 81 33 740 100 458 365 129 634 952 909 452 675 452 839 225 422 926 101 507 299 497 381 558 117 815 827 540 346 60 780
869 96 903 124 53 922 830 803 521 356 482 732 82 19 403 510 557 105 853 758 802 295 379 660 628 667 586 829 776 277 474 609 241 429 952 646 827 567 271 285 271 625 297 91 711 308 369 203 243 393 274 209 946 814 245 330 189 305 343 739 608 925 993 439
970 683 653 821 352 594 365 249 21 161 109 418 4 205 548 508 89 287 311 287 173 583 800 167 480 343 805 981 260 273 627 46 848 674 356 555 570 667 7 969 841 870 255 361 745 14 150 154 408 578 244 734 833 507 362 475 407 116 692 891 76 482 623 574 938
939 807 502 242 396 101 851 540 982 998 480 606 448 999 702 480 851 351 583 631 362 262 926 448 216 117 557 288 583 310 999 273 806 214 231 784 490 167 833 429 753 67 88 843 627 693 7 88 177 2 243 695 563 905 24 284 28 887 516 480 481 558 593 622 626 711
831 964 72 501 449 326 928 348 711 599 310 378 828 754 422 797 409 665 702 709 337 99 960 971 750 587 559 322 532 254 544 596 301 670 204 944 605 781 810 659 326 139 666 277 687 500 7 262 688 908 244 473 570 45 443 31 229 434 770 559 753 180 960 860 856 141 286
416 732 83 192 512 358 848 734 391 7 319 542 623 906 609 829 237 953 545 166 661 367 197 10 79 94 911 529 656 698 506 663 611 166 24 194 577 213 227 963 799 740 475 267 728 870 304 736 354 87 761 841 381 798 708 46 233 692 694 467 599 242 13 782 75 3 132 887
456 749 599 744 125 974 968 605 887 836 417 118 255 173 819 739 637 600 846 823 149 52 514 711 697 584 262 269 359 11 903 440 445 37 475 38 538 93 765 541 110 508 492 71 148 937 120 620 575 71 685 388 572 204 859 61 423 36 972 921 96 718 104 972 534 596 950 285 516
81 108 851 564 574 192 794 90 13 568 501 730 490 111 502 717 318 953 732 639 894 985 645 228 788 8 700 341 932 473 260 622 290 203 798 346 170 767 663 912 327 498 494 103 817 133 28 184 161 755 37 676 134 259 982 710 181 87 792 945 996 380 916 189 600 763 438 478 648 887
927 222 409 56 662 853 227 415 239 582 260 963 543 787 252 107 191 107 993 85 511 123 188 359 844 867 259 4 852 682 808 41 546 477 618 584 862 836 882 205 47 597 817 543 75 622 120 729 862 997 848 482 73 810 892 985 813 79 347 109 376 838 434 605 279 444 378 931 741 69 621
102 771 928 327 432 17 60 131 445 995 803 739 261 23 870 708 188 926 633 545 536 137 753 759 74 135 899 249 449 972 30 268 131 140 652 350 70 240 373 123 158 767 957 256 375 393 95 148 14 768 42 595 707 56 699 461 66 689 698 855 458 715 593 864 132 753 323 582 632 640 762 385
429 994 972 57 513 6 206 12 632 259 969 843 15 773 340 437 779 462 778 116 317 689 326 359 833 387 340 15 32 674 122 190 403 131 671 628 400 479 618 476 330 726 782 695 660 487 37 568 838 613 82 88 51 870 956 994 314 457 416 9 916 518 45 256 109 275 422 59 735 147 676 5 747
673 2 929 42 422 77 948 683 711 635 659 261 27 443 385 311 788 806 220 205 675 284 521 702 697 138 500 413 675 882 205 645 245 388 384 64 59 676 819 409 428 772 13 976 416 139 205 607 307 542 904 555 138 750 600 685 774 810 241 369 447 438 205 670 690 780 731 599 670 747 708 698 147 373
470 735 84 557 732 179 887 272 454 590 923 51 628 681 825 438 97 44 942 472 814 823 736 331 12 791 550 824 822 884 357 862 415 113 640 672 304 587 40 117 20 669 605 260 887 203 811 406 252 310 592 38 286 224 677 199 330 520 252 214 587 352 953 976 294 349 643 620 631 743 917 348 123 962 480
72 176 115 796 339 954 615 623 354 631 345 756 931 853 634 351 306 106 446 240 762 924 492 982 234 715 446 311 709 652 531 405 879 975 865 323 405 819 302 816 868 768 313 619 540 117 21 448 262 235 790 161 580 954 790 569 41 467 618 189 561 253 17 492 305 212 93 737 154 527 293 446 882 600 73 250
892 490 536 702 97 278 199 69 335 862 763 35 425 14 529 160 503 16 259 644 63 335 718 629 844 358 706 574 702 785 994 115 930 404 236 994 524 755 539 188 706 962 667 341 538 470 572 703 751 251 603 22 864 936 621 160 114 888 398 755 255 354 258 11 839 659 985 764 486 634 864 917 989 629 957 702 925
626 259 475 530 944 359 809 813 591 962 433 380 829 497 867 702 627 169 684 417 119 615 707 551 99 511 297 489 374 898 591 290 26 990 4 911 606 881 982 244 92 325 193 603 957 99 510 594 836 457 982 706 481 925 544 215 783 775 775 821 239 954 807 31 358 980 529 742 885 719 5 584 448 646 55 54 649 803
614 179 197 664 929 130 807 757 786 439 68 234 439 681 167 325 335 246 366 870 91 183 725 929 669 790 881 212 580 318 575 178 824 865 374 687 188 583 691 381 202 342 251 654 19 773 630 19 22 190 402 652 209 939 438 73 718 680 528 201 432 521 545 600 582 757 15 614 599 347 395 878 815 972 381 621 881 418 468
940 437 815 106 134 276 793 400 446 994 765 814 139 218 873 661 109 120 886 449 813 339 710 177 528 978 74 184 605 337 175 817 799 940 466 799 316 555 306 51 79 822 253 73 443 651 589 397 17 694 980 986 76 296 734 427 347 995 551 606 430 36 453 717 45 146 718 15 782 255 117 735 741 789 513 91 112 618 734 56
140 47 160 387 546 461 869 139 390 265 3 805 810 338 203 968 94 232 308 739 467 455 642 556 472 268 608 171 804 880 915 237 797 715 9 629 721 771 571 600 146 908 191 927 575 706 921 275 866 93 130 708 428 644 145 754 279 430 762 992 757 140 284 910 741 27 272 670 983 265 70 697 376 838 570 795 143 781 183 868 16
954 10 800 145 950 131 402 140 697 663 292 101 207 306 410 532 567 387 616 836 392 984 688 341 988 524 449 584 306 110 116 474 526 4 649 378 140 487 634 837 749 392 182 314 65 988 833 698 174 188 857 138 775 400 356 276 89 365 145 555 970 829 916 366 546 22 870 310 159 341 188 587 827 724 62 764 337 650 179 734 17 738
467 864 911 255 389 916 587 566 587 599 100 852 66 325 310 978 758 479 590 902 630 646 659 364 708 173 520 924 744 178 215 494 197 109 936 28 235 500 258 830 231 382 665 700 664 254 833 175 59 539 122 689 362 702 764 711 184 611 53 755 424 764 217 375 318 322 929 279 478 237 135 486 677 918 273 204 637 27 692 78 500 267 922
998 614 251 687 325 234 40 17 862 947 501 726 693 16 607 307 344 534 607 274 557 813 112 939 508 512 483 486 382 257 559 495 974 988 988 763 926 50 306 595 278 409 365 471 457 226 652 429 104 652 522 986 763 439 452 855 532 651 501 304 407 490 127 753 536 379 114 281 467 808 74 916 113 667 835 436 834 28 264 296 518 910 470 375
984 803 314 550 45 245 930 561 705 807 642 783 148 51 565 393 59 365 431 748 25 247 129 164 992 558 373 547 858 453 370 571 565 673 962 496 591 86 122 162 989 496 825 545 354 563 781 970 439 327 283 498 446 438 733 688 187 328 793 231 173 562 647 723 473 962 475 573 24 262 628 266 362 365 284 641 11 613 938 676 109 751 652 214 886
433 336 831 908 602 925 36 822 811 997 474 140 564 590 531 514 765 810 362 161 134 747 612 982 192 715 433 967 374 987 889 939 718 130 442 802 861 57 521 245 378 316 558 695 897 163 997 772 883 226 658 881 507 294 341 980 893 993 950 301 914 552 83 437 383 811 624 981 31 596 726 659 269 4 663 657 983 634 73 823 200 173 921 714 637 893
418 260 138 460 966 397 77 731 835 58 579 810 42 182 489 304 492 591 94 732 270 242 368 99 431 233 972 219 176 476 890 631 539 622 952 4 470 169 477 795 522 796 57 297 847 604 596 59 371 113 756 374 187 363 579 5 921 652 215 900 702 752 620 181 809 178 191 481 481 224 484 370 232 187 939 710 216 144 158 862 554 146 63 72 405 323 55
154 332 736 82 24 108 213 857 103 740 121 775 555 573 867 913 966 388 541 872 690 117 88 201 601 874 617 583 939 13 658 454 464 27 988 787 598 721 531 851 845 251 882 993 89 42 561 28 912 822 788 872 381 309 190 963 980 35 766 19 126 818 529 183 511 307 456 147 671 662 771 832 670 367 277 427 452 746 698 77 960 79 95 555 198 505 593 134
126 916 681 909 451 957 790 562 921 119 732 275 723 843 924 946 268 55 363 799 980 562 135 756 213 271 711 833 759 512 138 385 520 573 923 84 536 54 532 895 509 581 721 417 274 663 214 856 909 924 275 123 49 860 350 209 129 685 962 754 950 395 360 300 227 167 435 281 974 756 928 702 906 917 637 887 347 314 953 138 754 453 461 17 466 568 826 564 282
786 187 126 396 706 723 982 197 266 938 762 861 735 924 951 633 760 243 60 632 14 222 119 779 67 914 928 849 638 128 397 137 909 567 197 689 556 852 217 270 845 694 392 261 688 87 594 330 918 608 216 159 0 724 809 152 526 937 904 244 508 594 268 742 799 832 208 460 81 529 4 640 521 282 635 510 871 681 496 221 70 350 626 393 307 628 431 856 301 146
56 740 181 183 649 800 72 485 765 775 674 541 791 849 550 587 20 911 259 131 39 953 73 628 236 534 685 493 193 996 736 165 866 625 679 319 997 833 287 110 613 504 751 293 10 562 131 43 441 505 621 92 288 992 118 451 517 54 446 343 984 564 49 3 109 226 747 819 286 783 108 836 489 952 751 891 542 331 568 393 860 372 748 613 756 456 878 602 541 160 695
130 674 904 165 139 161 305 224 730 102 179 377 870 799 463 907 598 481 828 806 925 67 24 225 668 705 282 129 641 748 30 792 967 584 248 583 670 766 428 438 724 547 437 339 428 481 581 474 142 372 309 965 240 456 13 892 395 313 830 286 512 874 878 584 661 250 412 509 467 196 364 975 938 943 789 117 343 838 121 429 180 744 917 572 16 249 90 844 930 274 812 173
632 256 353 480 180 657 867 791 714 860 617 977 435 56 659 468 686 5 405 844 991 571 918 28 944 736 49 506 263 662 523 559 264 828 374 679 421 771 902 382 907 228 731 76 439 336 518 331 145 416 183 510 855 278 694 372 789 340 880 253 620 604 148 12 217 823 135 102 511 10 229 178 319 373 681 465 871 518 31 48 648 406 16 11 445 42 213 589 865 245 848 790 616
372 527 115 609 610 258 996 202 236 376 714 301 664 717 592 578 714 142 835 740 607 432 493 360 182 869 766 563 307 416 308 564 989 548 253 874 851 408 98 943 67 294 935 517 603 357 160 336 556 219 550 972 715 694 49 896 537 869 400 52 910 858 560 935 393 755 754 452 811 217 168 109 30 753 120 176 760 786 433 81 356 749 222 977 330 804 106 46 629 76 163 579 806 876
553 433 39 811 584 397 355 589 757 772 404 639 798 261 533 763 165 750 642 806 757 698 812 264 573 425 729 939 598 400 43 680 552 154 295 502 122 775 178 860 441 165 151 497 296 372 924 250 897 598 158 348 3 855 425 83 925 113 253 26 890 387 37 516 613 355 282 194 382 730 39 173 285 447 214 455 423 350 996 941 200 650 632 456 144 248 193 237 888 887 369 561 398 189 804
64 815 523 798 912 21 716 532 874 681 706 217 529 323 650 412 37 896 89 704 562 74 222 813 973 446 681 229 351 123 229 889 278 263 3 860 264 870 967 152 577 509 262 768 86 83 968 670 242 137 491 766 986 28 664 739 741 145 362 897 558 936 547 738 844 316 673 932 745 634 794 387 98 903 524 459 615 431 617 865 228 260 664 891 399 180 542 332 259 246 719 189 996 654 192 96
188 895 735 999 741 656 54 861 295 562 667 26 724 201 683 157 171 697 809 133 594 347 601 713 984 111 474 833 834 196 523 540 236 639 621 187 450 457 146 30 759 204 724 493 373 934 33 74 750 367 53 998 484 216 664 136 876 52 42 309 360 660 980 244 420 749 457 378 961 196 782 950 513 806 725 797 178 513 144 672 383 751 756 204 331 420 99 459 95 941 767 545 445 779 12 986 606
449 533 130 250 674 522 741 158 367 561 88 339 296 506 911 452 48 903 457 287 694 587 833 608 441 154 686 387 699 914 605 233 986 297 221 644 99 399 587 726 911 117 503 175 443 686 279 614 19 405 371 626 183 583 777 585 936 402 90 64 204 526 772 172 864 659 177 593 86 292 576 521 256 907 859 127 595 28 401 492 215 406 316 202 974 159 109 160 139 639 567 709 717 233 529 800 380 693
208 895 356 929 557 814 704 674 954 523 496 725 195 752 141 674 339 296 724 860 12 278 250 154 371 210 71 730 443 765 86 398 201 239 572 511 280 919 351 786 806 275 65 976 182 720 397 442 472 236 569 845 502 82 492 698 744 807 738 25 754 683 557 703 796 665 807 85 26 346 86 76 342 414 95 829 483 533 70 102 963 774 980 50 427 686 650 183 140 323 365 902 926 137 162 999 617 101 468
12 444 344 52 302 777 398 785 341 280 63 272 740 740 478 373 259 467 776 227 450 465 7 472 226 631 752 525 70 664 58 908 194 13 665 650 387 473 961 976 415 127 382 677 606 483 107 38 729 902 938 288 34 70 692 220 172 533 121 61 629 993 938 655 81 276 332 840 712 541 264 451 731 103 834 906 411 784 470 132 867 76 562 920 863 59 96 713 693 664 570 442 850 572 27 804 200 915 339 69
0